REAL,ESTIMATE
71.000000,68.582438
75.000000,73.866072
81.000000,81.468694
77.000000,78.301147
77.000000,77.000923
68.000000,69.533856
58.000000,58.739760
54.000000,55.326564
58.000000,61.668114
60.000000,67.839625
46.000000,68.273469
39.000000,63.428688
35.000000,57.979459
42.000000,54.123073
44.000000,55.382378
49.000000,51.663085
50.000000,58.305937
52.000000,61.482025
44.000000,61.965016
52.000000,57.776223
38.000000,59.927042
40.000000,52.483134
41.000000,52.789097
41.000000,48.629473
42.000000,43.982546
38.000000,46.658591
34.000000,26.393565
42.000000,40.503936
37.000000,45.614988
36.000000,33.765948
50.000000,34.508704
47.000000,50.090752
53.000000,46.012260
53.000000,55.422062
49.000000,48.290695
49.000000,51.895846
48.000000,51.604567
47.000000,49.023484
48.000000,47.436428
47.000000,48.131826
44.000000,45.437238
40.000000,47.480097
44.000000,31.802332
43.000000,48.749759
45.000000,43.931986
40.000000,48.092828
34.000000,39.371876
32.000000,27.729762
32.000000,22.409449
33.000000,31.572296
35.000000,24.994578
30.000000,39.253347
31.000000,22.441856
35.000000,32.447093
37.000000,33.391105
45.000000,31.465268
53.000000,41.733829
53.000000,55.545179
53.000000,52.145309
48.000000,56.081934
48.000000,48.256598
58.000000,50.393737
54.000000,57.415880
61.000000,52.485524
67.000000,60.504542
61.000000,67.366448
54.000000,62.273555
46.000000,57.536561
52.000000,49.456610
62.000000,55.632761
63.000000,64.331901
63.000000,64.304664
70.000000,65.516844
91.000000,73.320365
95.000000,91.444711
88.000000,92.351285
82.000000,83.414797
84.000000,78.296511
77.000000,83.245747
83.000000,77.887701
89.000000,84.074469
90.000000,91.254421
79.000000,93.376648
76.000000,83.606984
70.000000,80.338066
68.000000,74.581985
77.000000,74.094886
75.000000,80.527897
88.000000,79.714286
117.000000,92.162036
110.500000,117.416880
104.000000,109.341140
109.000000,103.562845
100.000000,108.441361
77.000000,99.843220
69.000000,81.722568
78.000000,74.540142
81.000000,84.487909
90.000000,88.819876
81.000000,94.440091
91.000000,87.215498
97.000000,95.461952
129.000000,100.594247
125.000000,134.418005
124.000000,128.898680
107.000000,123.845163
91.000000,100.125681
89.000000,91.295625
89.000000,89.215944
77.000000,91.022557
75.000000,83.724989
90.000000,85.056672
87.000000,94.067591
84.000000,91.631988
87.000000,86.012686
94.000000,87.265845
96.000000,92.455811
98.000000,94.066829
82.000000,95.889753
48.000000,83.443799
30.000000,66.414172
20.000000,56.610420
22.000000,52.202272
27.000000,49.006427
25.000000,50.303005
24.000000,50.286448
23.000000,44.977417
16.000000,45.863863
19.000000,36.890048
21.000000,42.501882
17.000000,45.464219
21.000000,41.260683
21.000000,39.916546
20.000000,42.140598
15.000000,39.767775
19.000000,39.022406
19.000000,38.852380
12.000000,41.178489
18.000000,41.199300
24.000000,41.920381
22.000000,42.165599
20.000000,42.473596
18.000000,41.080563
13.000000,41.611560
29.000000,40.245884
10.000000,45.233362
15.000000,39.851922
14.000000,40.781181
14.000000,39.596544
17.000000,40.434558
19.000000,40.639664
19.000000,42.086340
20.000000,41.860557
30.000000,43.966265
26.000000,44.287559
34.000000,44.170241
22.000000,46.567169
21.000000,43.276695
19.000000,43.091523
23.000000,42.504475
30.000000,43.242912
39.000000,45.982461
42.000000,48.550414
43.000000,49.559604
47.000000,50.936338
37.000000,50.700532
43.000000,47.661549
47.000000,49.015055
46.000000,50.430516
50.000000,51.656922
45.000000,54.132552
55.000000,52.814617
53.000000,57.518321
48.000000,56.258950
50.000000,52.917977
34.000000,54.084321
50.000000,46.995414
61.000000,54.747175
64.000000,60.439018
61.000000,61.450974
57.000000,62.686614
58.000000,60.195773
65.000000,58.994426
64.000000,62.494711
84.000000,59.010399
65.000000,72.338448
69.000000,63.909132
43.000000,66.249014
40.000000,53.661521
32.000000,50.914994
26.000000,43.322002
28.000000,42.495619
38.000000,42.059965
42.000000,55.329751
45.000000,55.697995
49.000000,57.742010
61.000000,55.583131
54.000000,60.830078
52.000000,55.998255
55.000000,54.924840
63.000000,56.068869
59.000000,63.413251
51.000000,60.918812
58.000000,57.702037
53.000000,60.300860
56.000000,59.106772
52.000000,58.946453
64.000000,56.494002
64.000000,62.861567
79.000000,66.144561
89.000000,74.884621
94.000000,81.145621
85.000000,87.262442
74.000000,78.801497
33.000000,70.985189
31.000000,46.273811
48.000000,46.371871
45.000000,56.051824
45.000000,51.407432
35.000000,54.880751
34.000000,46.315176
37.000000,42.670102
26.000000,47.463379
37.000000,34.506814
26.000000,44.567265
23.000000,27.696375
21.000000,11.600547
28.000000,19.635932
28.000000,28.432968
19.000000,22.478417
24.000000,12.880445
28.000000,24.669918
26.000000,29.808676
25.000000,22.293781
24.000000,14.481543
25.000000,20.761514
26.000000,23.516906
18.000000,22.928110
25.000000,18.519826
26.000000,31.675380
37.000000,33.289056
33.000000,39.558273
30.000000,36.406254
28.000000,36.758191
27.000000,37.927751
25.000000,35.186057
19.000000,36.116669
24.000000,24.639167
39.000000,32.449249
43.000000,47.345228
47.000000,49.094150
47.000000,51.955867
58.000000,51.405228
77.000000,56.794361
62.000000,65.276092
64.000000,55.970042
70.000000,58.561953
67.000000,66.182628
52.000000,64.344849
34.000000,56.224498
30.000000,46.261955
22.000000,43.616996
36.000000,43.108804
32.000000,42.799665
42.000000,41.641110
30.000000,51.298062
37.000000,43.578678
37.000000,48.628284
34.000000,47.833564
50.000000,45.397312
46.000000,54.992154
48.000000,52.165533
74.000000,53.623273
64.000000,72.032442
51.000000,63.458457
56.000000,56.604570
67.000000,58.141397
66.000000,63.337215
75.000000,64.122946
77.000000,68.089814
84.000000,70.346963
81.000000,82.514487
52.000000,76.817152
38.000000,56.077567
34.000000,44.630467
40.000000,45.864376
48.000000,54.250247
49.000000,58.625299
71.000000,59.448028
68.000000,75.353742
66.000000,71.870672
65.000000,65.724876
60.000000,63.254815
61.000000,60.598380
63.000000,61.744827
54.000000,64.959582
68.000000,60.371963
62.000000,72.860218
60.000000,68.092809
69.000000,64.212141
58.000000,69.275572
60.000000,61.248583
61.000000,62.845738
67.000000,64.477957
70.000000,67.097549
78.000000,72.450419
78.000000,78.102697
76.000000,78.448943
89.000000,77.149238
98.000000,84.501462
113.000000,92.497639
112.000000,108.345071
116.000000,108.943558
113.000000,118.740657
107.000000,116.527773
107.000000,113.054377
121.000000,109.152050
124.000000,123.487513
146.000000,126.536347
143.000000,152.660770
160.000000,148.095316
162.000000,163.501403
154.000000,165.156760
157.000000,163.424617
148.000000,157.902567
162.000000,139.271345
173.000000,149.631150
195.000000,152.429136
188.000000,167.149937
201.000000,160.136174
196.000000,167.519719
195.000000,168.874386
185.000000,166.675451
136.000000,157.609193
98.000000,125.481696
78.000000,104.830808
65.000000,98.321463
67.000000,92.612964
57.000000,95.474360
66.000000,89.501394
56.000000,93.402797
78.000000,87.079431
77.000000,89.500480
71.000000,82.397035
74.000000,77.074952
62.000000,75.577244
60.000000,71.938876
62.000000,69.405611
61.000000,71.337642
55.000000,68.636580
55.000000,68.341242
58.000000,65.340540
40.000000,63.823919
38.000000,57.847178
45.000000,55.496821
41.000000,56.990042
36.000000,56.629341
48.000000,54.619887
36.000000,58.494466
39.000000,53.852810
58.000000,53.665827
57.000000,56.210951
47.000000,54.384206
65.000000,52.872309
66.000000,57.536039
65.000000,57.198355
58.000000,60.069297
59.000000,55.868509
47.000000,56.055101
42.000000,54.146187
46.000000,51.873033
43.000000,52.499771
43.000000,53.765372
39.000000,54.009920
44.000000,54.469818
45.000000,53.938177
48.000000,54.071832
50.000000,53.864679
57.000000,53.129470
54.000000,55.570037
43.000000,55.287915
49.000000,52.753065
55.000000,55.141362
47.000000,56.690204
56.000000,54.054804
47.000000,56.542414
39.000000,53.438013
38.000000,52.627683
35.000000,52.166832
49.000000,50.497153
62.000000,56.243377
63.000000,62.200419
56.000000,60.105888
59.000000,59.507092
51.000000,58.351555
46.000000,55.652675
47.000000,53.883758
40.000000,53.461504
43.000000,54.044884
39.000000,49.844314
42.000000,36.091588
45.000000,37.072280
55.000000,43.963967
59.000000,53.141350
69.000000,58.675096
81.000000,68.340626
90.000000,79.556488
98.000000,89.548355
98.000000,96.899459
100.000000,97.092753
71.000000,98.979908
63.000000,72.143514
67.000000,64.894487
71.000000,70.524273
71.000000,75.145442
87.000000,76.800379
80.000000,91.058021
81.000000,84.990587
82.000000,85.938601
85.000000,85.053385
84.000000,86.373635
86.000000,85.118168
88.000000,89.089979
92.000000,90.074786
91.000000,94.305649
94.000000,94.831972
90.000000,96.867955
99.000000,94.586979
107.000000,104.382959
119.000000,111.741948
122.000000,124.720548
115.000000,127.971764
129.000000,115.669109
125.000000,130.764430
129.000000,124.949281
146.000000,137.351074
146.000000,153.702270
137.000000,148.608767
133.000000,134.316293
126.000000,129.754809
153.000000,119.793564
161.000000,142.964673
164.000000,149.292636
155.000000,158.763216
146.000000,143.281795
151.000000,133.651457
161.000000,136.850721
156.000000,143.805442
160.000000,137.565223
172.000000,138.794971
158.000000,146.257929
142.000000,138.567932
110.000000,126.359734
45.000000,106.422646
38.000000,77.009675
54.000000,75.667201
60.000000,80.540668
58.000000,84.952190
48.000000,86.321291
48.000000,80.482390
45.000000,77.413401
51.000000,71.069905
50.000000,62.981746
50.000000,61.789175
46.000000,64.066756
48.000000,63.459783
45.000000,64.167919
60.000000,61.461543
67.000000,65.132139
57.000000,65.760966
58.000000,59.705254
56.000000,59.195952
60.000000,60.026394
54.000000,59.780092
56.000000,57.798234
58.000000,57.305501
48.000000,59.904455
47.000000,58.041026
57.000000,55.736681
58.000000,58.187401
46.000000,59.263037
66.000000,54.896006
79.000000,59.157146
73.000000,63.328387
72.000000,63.221299
64.000000,63.069987
67.000000,60.379149
80.000000,62.361004
85.000000,67.798496
78.000000,65.605348
77.000000,65.260122
65.000000,67.379594
66.000000,63.606459
66.000000,64.496911
68.000000,63.570176
62.000000,64.893987
59.000000,65.593267
57.000000,63.122715
59.000000,62.060836
59.000000,63.709178
57.000000,62.203254
58.000000,62.616451
65.000000,63.099519
70.000000,65.804048
62.000000,68.403983
59.000000,63.547727
60.000000,61.539952
62.000000,62.764785
56.000000,63.877636
59.000000,63.145186
50.000000,64.940023
67.000000,61.882026
66.000000,69.957007
55.000000,67.652563
54.000000,61.882701
46.000000,62.353999
42.000000,59.465981
50.000000,50.126971
38.000000,42.318773
40.000000,21.564357
47.000000,28.000948
48.000000,43.499628
55.000000,40.504591
57.000000,52.981757
58.000000,51.611101
49.000000,53.663109
50.000000,39.669945
51.000000,40.735652
52.000000,44.945124
53.000000,49.115254
74.000000,47.847236
88.000000,73.795395
69.000000,89.949924
40.000000,69.717305
34.000000,25.972206
43.000000,19.335665
48.000000,32.158486
54.000000,43.047330
39.000000,48.272241
33.000000,28.647238
34.000000,27.590662
32.000000,20.967789
30.000000,12.258586
26.000000,21.946472
25.000000,10.331554
31.000000,2.879536
36.000000,10.955419
34.000000,27.862854
39.000000,31.941926
42.000000,32.563661
38.000000,36.340414
30.000000,37.321112
39.000000,31.336207
35.000000,39.401967
31.000000,28.899533
32.000000,19.904614
28.000000,26.125057
22.000000,14.743184
27.000000,13.559817
23.000000,28.190422
38.000000,23.636737
34.000000,35.161974
38.000000,25.926839
35.000000,35.201260
42.000000,38.282881
44.000000,42.433950
40.000000,45.420422
40.000000,43.557622
32.000000,45.142277
48.000000,34.107750
55.000000,48.289464
51.000000,55.817767
45.000000,54.334969
18.000000,48.286144
24.000000,8.897892
22.000000,14.967453
24.000000,22.364085
28.000000,24.821311
31.000000,26.809679
34.000000,35.163051
47.000000,43.106963
28.000000,50.167086
29.000000,32.527400
8.000000,29.940365
25.000000,0.000000
25.000000,22.915093
35.000000,24.712500
26.000000,39.767516
22.000000,36.843216
24.000000,22.440145
28.000000,17.175826
34.000000,22.084549
37.000000,35.953844
54.000000,38.703372
37.000000,53.231893
26.000000,41.603858
33.000000,37.521032
30.000000,38.550417
36.000000,31.760369
31.000000,36.564403
35.000000,30.739021
29.000000,34.923906
26.000000,32.235300
29.000000,26.683856
27.000000,30.069188
30.000000,25.937141
36.000000,29.278199
30.000000,35.937807
39.000000,34.424199
41.000000,41.057512
46.000000,46.396822
40.000000,48.006566
39.000000,42.048065
40.000000,42.548376
42.000000,41.097293
34.000000,43.224369
37.000000,34.534794
44.000000,36.475959
35.000000,46.333951
35.000000,36.717190
31.000000,35.828457
34.000000,31.529061
40.000000,36.663439
46.000000,42.591540
49.000000,48.138589
48.000000,50.660942
54.000000,51.877070
58.000000,55.148114
38.000000,56.970718
33.000000,40.017392
35.000000,34.545962
49.000000,37.223365
69.000000,52.316924
64.000000,65.752315
48.000000,64.341399
48.000000,52.184699
45.000000,52.939766
37.000000,46.662591
31.000000,40.197446
23.000000,33.340862
15.000000,32.143722
14.000000,25.905001
5.000000,20.763701
15.000000,0.000000
46.000000,19.851986
73.000000,49.483838
66.000000,65.152492
82.000000,61.346526
79.000000,67.817758
57.000000,68.491325
26.000000,56.004534
20.000000,35.225315
16.000000,29.255430
16.000000,12.913311
17.000000,25.983115
12.000000,17.919535
18.000000,27.173068
17.000000,33.984172
24.000000,22.001577
26.000000,30.220597
24.000000,33.266933
27.000000,27.322203
22.000000,39.988367
27.000000,32.181696
26.000000,43.481149
31.000000,42.645782
17.000000,42.312849
13.000000,29.742543
15.000000,21.203116
18.000000,10.405393
18.000000,24.583150
20.000000,19.153096
26.000000,34.312022
32.000000,40.066903
24.000000,39.600595
28.000000,29.217562
26.000000,34.368033
25.000000,31.073124
20.000000,37.575192
26.000000,30.673740
29.000000,41.001465
35.000000,42.857416
29.000000,43.711369
31.000000,33.684306
20.000000,34.558637
23.000000,15.353620
36.000000,33.392422
30.000000,41.582764
32.000000,42.683675
33.000000,45.136641
41.000000,42.408832
54.000000,44.881135
58.000000,53.128260
51.000000,53.275396
42.000000,51.027706
18.000000,46.011443
24.000000,33.739552
17.000000,39.940717
10.000000,23.526150
14.000000,0.000000
19.000000,6.796772
23.000000,17.378097
21.000000,34.621845
10.000000,29.931741
25.000000,30.380747
14.000000,39.144220
16.000000,22.718808
14.000000,27.949162
18.000000,27.599796
18.000000,29.542475
19.000000,31.577471
23.000000,25.322166
16.000000,35.124136
21.000000,22.836497
26.000000,21.143307
29.000000,27.254177
11.000000,35.520210
14.500000,16.643857
18.000000,15.705828
22.000000,20.525422
18.000000,25.591269
22.000000,16.312233
20.000000,23.074826
21.000000,23.825805
23.000000,29.864211
27.000000,34.246006
38.000000,33.383023
44.000000,41.530248
56.000000,44.243983
74.000000,50.663406
70.000000,59.988817
59.000000,57.195890
60.000000,53.550168
56.000000,52.921690
65.000000,52.060568
87.000000,57.932580
83.000000,68.204454
86.000000,69.537612
94.000000,74.272774
108.000000,76.902448
95.000000,85.466291
65.000000,75.526112
49.000000,61.347686
36.000000,55.563801
33.000000,53.997220
33.000000,52.557315
31.000000,55.957928
32.000000,56.292203
25.000000,58.280275
32.000000,53.405299
31.000000,47.793036
26.000000,43.728646
27.000000,47.426518
31.000000,46.415087
29.000000,50.088440
34.000000,49.970348
33.000000,52.777678
33.000000,50.656156
37.000000,45.801174
29.000000,45.991084
20.000000,44.971555
32.000000,39.616045
21.000000,47.214964
19.000000,43.627114
19.500000,44.133436
20.000000,43.016017
42.000000,35.556931
39.000000,49.310526
51.000000,48.255137
50.000000,51.908889
37.000000,53.295807
36.000000,47.217128
35.000000,46.977338
33.000000,46.598882
37.000000,44.007077
32.000000,46.710932
35.000000,45.724626
37.000000,48.653344
42.000000,49.994406
41.000000,50.600337
41.000000,50.299477
40.000000,49.801488
45.000000,46.868321
38.000000,49.628993
41.000000,47.232241
43.000000,50.096182
38.000000,50.435224
42.000000,49.526023
38.000000,51.537505
35.000000,49.261447
47.000000,42.274324
49.000000,48.567829
46.000000,52.954999
45.000000,51.835670
38.000000,51.191980
41.000000,49.079260
43.000000,51.668339
43.000000,51.640980
49.000000,47.585619
50.000000,52.259441
58.000000,56.321908
60.000000,60.655378
60.000000,62.200534
62.000000,60.506676
54.000000,62.111216
58.000000,58.078386
49.000000,58.780125
59.000000,52.031227
60.000000,60.907363
57.000000,62.920402
55.000000,60.867609
44.000000,59.052553
39.000000,51.561602
34.000000,46.469137
41.000000,41.530999
41.000000,43.246378
34.000000,48.363010
39.000000,44.513020
45.000000,44.348341
59.000000,53.148939
41.000000,61.220599
47.000000,46.935854
43.000000,51.766962
47.000000,42.867546
38.000000,50.322055
30.000000,41.850500
27.000000,26.447093
26.000000,31.516130
22.000000,31.828290
22.000000,22.859875
21.000000,24.398541
27.000000,9.062720
22.000000,23.744055
22.000000,15.434166
21.000000,15.789555
20.000000,18.526955
12.000000,20.614909
10.000000,8.347900
13.000000,12.553031
8.000000,7.757958
11.000000,4.722300
7.000000,14.793377
7.000000,8.237772
5.000000,8.337358
4.000000,5.888090
5.000000,0.141451
7.000000,7.215831
10.000000,4.485939
5.000000,17.471462
6.000000,12.970247
6.000000,17.673981
4.000000,18.958118
5.000000,21.651870
5.000000,12.635566
6.000000,16.893196
4.000000,12.820626
6.000000,15.634153
5.000000,19.967592
7.000000,18.243488
10.000000,20.763082
11.000000,27.661373
7.000000,20.331564
12.000000,20.349411
15.000000,19.225250
15.000000,29.002545
14.000000,27.633953
16.000000,27.080713
15.000000,28.131296
18.000000,28.973897
8.000000,24.791037
4.000000,17.913864
11.000000,2.856676
7.000000,16.524342
12.000000,9.639438
12.000000,16.598733
8.000000,16.158746
8.000000,17.665310
4.000000,9.329504
11.000000,14.522969
11.000000,19.873286
9.000000,17.843787
10.000000,15.799585
9.000000,14.997060
9.000000,12.932942
23.000000,19.709586
15.000000,31.731500
18.000000,28.331439
19.000000,26.496447
21.000000,26.642238
21.000000,29.411793
21.000000,30.409948
27.000000,30.457568
29.000000,35.518099
33.000000,37.123596
40.000000,39.913062
50.000000,43.061524
43.000000,47.020376
41.000000,44.474590
29.000000,43.722084
27.000000,37.589303
25.000000,37.391797
17.000000,37.643469
21.000000,34.418614
22.000000,34.995909
16.000000,37.558059
25.000000,32.474703
22.000000,38.897948
20.000000,35.603501
19.000000,35.467060
17.000000,33.123338
24.000000,35.091165
31.000000,38.492135
19.000000,42.804360
26.000000,36.010611
27.000000,39.197937
29.000000,37.558462
35.000000,38.905836
36.000000,41.567155
30.000000,42.490418
38.000000,39.777908
39.000000,45.024352
34.000000,43.830980
29.000000,41.787134
28.000000,37.092532
25.000000,36.566439
23.000000,32.048685
18.000000,36.427476
16.000000,30.807876
4.000000,30.103822
12.000000,16.312706
10.000000,20.153372
11.000000,13.191197
16.000000,18.086157
17.000000,20.164516
15.000000,30.877275
22.000000,27.524549
19.000000,34.520998
27.000000,34.681443
17.000000,36.289567
36.000000,25.893597
22.000000,41.208413
28.000000,26.277617
30.000000,35.490979
30.000000,34.525640
28.000000,35.845681
22.000000,34.282455
17.000000,23.942184
34.000000,20.167347
26.000000,37.926252
35.000000,24.969825
31.000000,38.824807
35.000000,33.251426
26.000000,39.941759
20.000000,33.877204
14.000000,21.252283
12.000000,12.745712
10.000000,4.227776
25.000000,0.000000
22.000000,24.586230
14.000000,15.478897
25.000000,0.000000
24.000000,27.302049
38.000000,17.274236
36.000000,38.764264
36.000000,38.683420
23.000000,37.937775
27.000000,24.293338
24.000000,26.678550
33.000000,25.337744
44.000000,37.689231
46.000000,43.870651
30.000000,46.482993
37.000000,32.156131
34.000000,38.434092
30.000000,36.212861
30.000000,30.102913
25.000000,29.005441
28.000000,30.135241
15.000000,29.129658
23.000000,17.463853
21.000000,28.249669
23.000000,21.181195
27.000000,17.037523
22.000000,27.333589
27.000000,20.076238
17.000000,30.941987
28.000000,15.096078
35.000000,36.592501
30.000000,37.731650
29.000000,33.712220
25.000000,31.298498
20.000000,25.579947
27.000000,19.596993
19.000000,33.023063
15.000000,22.479642
13.000000,23.577872
20.000000,10.437268
28.000000,21.321320
18.000000,26.072124
24.000000,11.823537
14.000000,20.810970
15.000000,2.825102
12.000000,12.723860
21.000000,24.705002
17.000000,23.671910
20.000000,21.317085
23.000000,11.203636
25.000000,17.611918
17.000000,22.612086
21.000000,9.312977
24.000000,24.712228
32.000000,30.586495
43.000000,31.926890
31.000000,43.771411
25.000000,29.286427
40.000000,18.789476
46.000000,40.684751
30.000000,44.404578
23.000000,31.472595
31.000000,27.705275
47.000000,35.895980
49.000000,49.177214
36.000000,47.952832
35.000000,36.616705
33.000000,37.963712
41.000000,35.057003
19.000000,42.395527
20.000000,17.222305
21.000000,9.908309
36.000000,20.464249
42.000000,40.143562
32.000000,42.210320
45.000000,34.584945
47.000000,48.012587
38.000000,48.407100
36.000000,38.982410
25.000000,36.952558
25.000000,28.044873
31.000000,25.501658
42.000000,31.357056
50.000000,44.053545
54.000000,52.291499
49.000000,55.313888
56.000000,49.293944
47.000000,53.513458
51.000000,48.220990
53.000000,51.159858
63.000000,52.943536
70.000000,59.588761
76.000000,65.507027
67.000000,68.343096
61.000000,61.354815
58.000000,60.548169
64.000000,57.492549
62.000000,61.902308
73.000000,60.900588
96.000000,69.661372
89.000000,85.786977
91.000000,81.322873
81.000000,77.357933
79.000000,73.272734
75.000000,71.813197
70.000000,72.290740
64.000000,68.537862
77.000000,68.501095
79.000000,78.884579
77.000000,79.935090
79.000000,76.416031
80.000000,78.123209
84.000000,78.130462
82.000000,81.685070
86.000000,79.852328
91.000000,83.889388
79.000000,89.159820
85.000000,81.227676
96.000000,82.857352
110.000000,93.019868
108.000000,106.723347
97.000000,106.135562
102.000000,95.441241
95.000000,102.932146
93.000000,96.508585
68.000000,93.257986
45.000000,73.953669
37.000000,62.250162
25.000000,61.831219
19.000000,52.092460
25.000000,38.234321
24.000000,47.860177
24.000000,45.513447
24.000000,35.194004
21.000000,37.482252
14.000000,34.437977
21.000000,41.176675
20.000000,41.915172
10.000000,34.653714
13.000000,28.262175
26.000000,31.691673
32.000000,34.644871
35.000000,35.460298
33.000000,38.225597
31.500000,43.929382
30.000000,43.053613
25.000000,39.865813
31.000000,37.306977
28.000000,42.404121
20.000000,36.530808
34.000000,26.257008
36.000000,41.252274
25.000000,46.374572
29.000000,41.842670
23.000000,42.885092
32.000000,41.340033
31.000000,45.928403
24.000000,44.022654
29.000000,38.921422
26.000000,42.966502
20.000000,45.197179
13.000000,42.657317
16.000000,39.779328
13.000000,41.723203
25.000000,42.368834
22.000000,44.418564
26.000000,41.889742
32.000000,43.122503
33.000000,47.355787
33.000000,46.601651
29.000000,45.781712
34.000000,44.771917
47.000000,46.523775
42.000000,52.157510
37.000000,49.097839
30.000000,47.463357
24.000000,46.592268
30.000000,44.746661
32.000000,45.939148
47.000000,46.600090
41.000000,52.219241
43.000000,51.764445
44.000000,51.175536
42.000000,51.584695
41.000000,50.961422
40.000000,49.430400
48.000000,49.030150
46.000000,52.102056
41.000000,53.816399
46.000000,51.644410
74.000000,51.317596
82.000000,67.597976
67.000000,70.219548
74.000000,60.216149
85.000000,63.457811
93.000000,69.370934
104.000000,76.207344
92.000000,85.778929
77.000000,77.310381
70.000000,74.240828
78.000000,70.218862
83.000000,71.578489
72.000000,75.117552
83.000000,70.344413
94.000000,78.609704
80.000000,88.511833
87.000000,78.335121
81.000000,85.122698
76.000000,79.790880
80.000000,75.645649
83.000000,78.797793
77.000000,78.967731
83.000000,78.752562
71.000000,84.199961
60.000000,74.505852
70.000000,69.852043
59.000000,74.771020
38.000000,67.244284
36.000000,57.780031
46.000000,56.476960
71.000000,61.244013
64.000000,76.436839
64.000000,69.757764
69.000000,68.149900
94.000000,72.526808
93.000000,87.464893
99.000000,81.065620
112.000000,85.038546
105.000000,96.760328
108.000000,95.928500
108.000000,101.208154
105.000000,103.214643
105.000000,101.920492
104.000000,103.188801
106.000000,99.649867
118.000000,100.804746
120.000000,112.996098
103.000000,113.083660
90.000000,103.630096
97.000000,92.896285
87.000000,97.711555
82.000000,90.128914
69.000000,85.654548
66.000000,78.243694
72.000000,79.271595
75.000000,81.801400
82.000000,82.832667
90.000000,86.529242
92.000000,93.132895
99.000000,93.057296
100.000000,96.116091
102.000000,94.627168
96.000000,92.011866
90.000000,87.703760
95.000000,87.961306
98.000000,94.453841
101.000000,97.962620
108.000000,99.334234
110.000000,103.680194
110.000000,103.605794
104.000000,99.346855
106.000000,94.081341
81.000000,100.173952
85.000000,84.865330
92.000000,87.986149
99.000000,92.499119
98.000000,97.046609
93.000000,95.845311
107.000000,90.466034
117.000000,97.990940
130.000000,109.797254
147.000000,121.284806
142.000000,133.723863
140.000000,127.031744
141.000000,122.492323
146.000000,121.653477
135.000000,120.057005
133.000000,116.092280
142.000000,118.734980
140.000000,127.160636
140.000000,123.377887
154.000000,122.280211
161.000000,128.870623
166.000000,132.426356
159.000000,133.110863
148.000000,130.531433
140.000000,125.627363
127.000000,122.402298
151.000000,113.344159
162.000000,127.147577
174.000000,135.041583
182.000000,143.262870
170.000000,147.955752
164.000000,139.592810
181.000000,134.923985
175.000000,144.748643
174.000000,136.224157
171.000000,140.842488
186.000000,141.473430
195.000000,154.086926
178.000000,162.164591
176.000000,147.633964
173.000000,144.353255
165.000000,145.582900
192.000000,136.777964
181.000000,155.224518
186.000000,147.650816
177.000000,155.245300
192.000000,151.963496
186.000000,157.115593
192.000000,152.302743
181.000000,155.778219
164.500000,145.358758
148.000000,142.121913
115.000000,128.468352
100.000000,112.012205
113.000000,102.699192
127.000000,112.203320
129.000000,118.717215
129.000000,120.362500
133.000000,117.697717
129.000000,116.738559
124.000000,109.318060
138.000000,98.796192
142.000000,100.223535
142.000000,107.505730
144.000000,111.248401
156.000000,111.602247
152.000000,117.601068
158.000000,114.063652
190.000000,114.347689
184.000000,123.943132
175.000000,121.260493
143.000000,121.526649
132.000000,108.184317
124.000000,102.397731
117.000000,102.328303
94.000000,96.740378
102.000000,87.922526
113.000000,94.203406
110.000000,97.968844
93.000000,96.870656
117.000000,85.554994
121.000000,92.569856
122.000000,95.265985
128.000000,92.745786
119.000000,91.685406
105.000000,90.361993
92.000000,86.421433
96.000000,81.053064
106.000000,78.671148
105.000000,85.286851
105.000000,86.520484
99.000000,85.194156
109.000000,83.389257
105.000000,85.532966
122.000000,81.931059
126.000000,86.131391
104.000000,87.787033
89.000000,82.015226
77.000000,77.162295
81.000000,72.571207
98.000000,74.055949
106.000000,80.122115
140.000000,81.783380
170.000000,97.729406
167.000000,114.297282
142.000000,109.136681
122.000000,95.432501
104.000000,84.878847
96.000000,79.925470
94.000000,79.748839
81.000000,80.329740
89.000000,81.606689
84.000000,91.830008
76.000000,87.303389
83.000000,79.253358
91.000000,78.571578
93.000000,79.548526
95.000000,79.592154
101.000000,80.690891
109.000000,83.203330
116.000000,90.847752
115.000000,92.028153
114.000000,88.381818
108.000000,88.574332
105.000000,87.097312
106.000000,83.686681
107.000000,84.661119
114.000000,85.343999
130.000000,91.461924
138.000000,99.860861
124.000000,103.553739
123.000000,98.866661
133.000000,98.602683
149.000000,99.126220
133.000000,107.691473
133.000000,99.153219
123.000000,101.089024
106.000000,100.606828
107.000000,96.244069
130.000000,96.285434
137.000000,110.462083
133.000000,115.012793
132.000000,115.121278
119.000000,109.306553
107.000000,100.463779
118.000000,94.596898
122.000000,99.004095
98.000000,102.720316
67.000000,95.163768
84.000000,82.805559
75.000000,90.267134
77.000000,84.154385
70.000000,81.163639
73.000000,76.438627
65.000000,79.681664
62.000000,78.131312
50.000000,74.971306
43.000000,65.875678
34.000000,65.735658
26.000000,60.805305
27.000000,57.053585
17.000000,55.732543
25.000000,54.221885
20.000000,56.155590
15.000000,53.446331
10.000000,49.111858
7.000000,47.645014
11.000000,45.545950
14.000000,44.992518
17.000000,45.362590
30.000000,45.577412
33.000000,49.813092
22.000000,49.435658
36.000000,44.847913
42.000000,47.196434
38.000000,48.016199
37.000000,47.168736
35.000000,47.303750
36.000000,46.547143
36.000000,48.956220
38.000000,49.074300
37.000000,47.602391
44.000000,48.221076
37.000000,50.779869
40.000000,48.611721
46.000000,49.591201
44.000000,50.705085
39.000000,51.738889
53.000000,50.445925
42.000000,53.608416
34.000000,50.651291
39.000000,50.157106
35.000000,50.965364
48.000000,51.482478
72.000000,70.126037
84.000000,84.003135
65.000000,68.043587
58.000000,61.223613
55.000000,57.050204
57.000000,56.053155
73.000000,57.240297
80.000000,63.988338
87.000000,69.603098
87.000000,78.095163
87.000000,78.994066
80.000000,76.952408
81.000000,71.502933
76.000000,71.103202
79.000000,70.147128
76.000000,75.413978
73.000000,74.730021
75.000000,76.645120
79.000000,79.486456
79.000000,81.665658
79.000000,80.001255
88.000000,79.304054
80.000000,84.549741
83.000000,80.550392
86.000000,82.530406
87.000000,86.860104
80.000000,86.688714
79.000000,81.548840
65.000000,80.345810
78.000000,71.349475
88.000000,79.456318
82.000000,85.363667
69.000000,81.544234
73.000000,74.760209
76.000000,76.891690
90.000000,77.868223
67.000000,87.186373
52.000000,69.881112
38.000000,63.556624
30.000000,55.823959
25.000000,46.474223
27.000000,35.077081
30.000000,42.119390
27.000000,40.512966
27.000000,39.559850
18.000000,22.111836
20.000000,17.405689
16.000000,28.081567
13.000000,19.300036
32.000000,18.494698
32.000000,39.750984
33.000000,31.627061
44.000000,39.081891
30.000000,45.172301
37.000000,34.832645
42.000000,42.472249
43.000000,44.799259
39.000000,45.638029
38.000000,42.519754
43.000000,38.259062
39.000000,44.805962
40.000000,39.268354
44.000000,44.782331
35.000000,48.574927
44.000000,44.226349
39.000000,51.055528
27.000000,47.743473
24.000000,35.604468
24.000000,34.548033
29.000000,25.278075
30.000000,41.443064
29.000000,44.109358
36.000000,45.033752
31.000000,49.957268
31.000000,44.577212
27.000000,43.800481
30.000000,42.475689
24.000000,39.197595
31.000000,40.944985
32.000000,44.518574
29.000000,45.316986
23.000000,43.813158
20.000000,36.921861
26.000000,36.156761
23.000000,41.728337
19.000000,33.779313
17.000000,37.847494
18.000000,35.400743
26.000000,37.594137
23.000000,41.317244
22.000000,38.104791
18.000000,37.380811
20.000000,38.416469
21.000000,29.650872
22.000000,32.629333
28.000000,37.015609
30.000000,39.494399
38.000000,38.676859
38.000000,42.955926
43.000000,42.733349
45.000000,48.354782
27.000000,46.823555
26.000000,26.484837
27.000000,23.710342
27.000000,24.552479
28.000000,30.729962
29.000000,25.214378
27.000000,25.203700
35.000000,22.301613
30.000000,36.409120
39.000000,30.463075
46.000000,41.172474
46.000000,47.300890
47.000000,47.921307
41.000000,47.797700
46.000000,42.547251
44.000000,48.073296
40.000000,47.278600
42.000000,40.055880
46.000000,42.883638
37.000000,47.359720
25.000000,36.786193
28.000000,15.537830
30.000000,21.396897
40.000000,27.462476
41.000000,42.622676
38.000000,41.728185
46.000000,40.274722
34.000000,50.233571
41.000000,35.980353
41.000000,44.705978
54.000000,44.447922
62.000000,54.181055
45.000000,60.136476
48.000000,48.262270
49.000000,50.645660
45.000000,53.334797
54.000000,46.687471
53.000000,54.223012
50.000000,53.561645
38.000000,54.292164
30.000000,47.649424
14.000000,35.345804
10.000000,10.492902
13.000000,10.665708
20.000000,2.528484
18.000000,27.096900
24.000000,22.450554
24.000000,35.176361
26.000000,35.073432
42.000000,32.443188
44.000000,46.942164
40.000000,48.152176
35.000000,44.465743
27.000000,42.159748
32.000000,34.516818
36.000000,39.843184
33.000000,40.655731
33.000000,36.689134
34.000000,37.166156
39.000000,39.714827
37.000000,41.213440
39.000000,39.446729
30.000000,40.754982
27.000000,32.434429
24.000000,28.696770
28.000000,22.489134
27.000000,35.036284
24.000000,36.595713
28.000000,29.649200
31.000000,35.097540
34.000000,37.043870
40.000000,40.008273
44.000000,44.372274
34.000000,45.445316
35.000000,35.644235
36.000000,38.748607
29.000000,38.611352
37.000000,31.896019
39.000000,41.100523
35.000000,41.985333
37.000000,37.205495
52.000000,36.419436
43.000000,52.348991
39.000000,46.227412
44.000000,40.987057
41.000000,46.083959
44.000000,43.793346
43.000000,46.968784
34.000000,46.565125
36.000000,36.380410
34.000000,42.404685
36.000000,40.405394
53.000000,41.436239
63.000000,54.632540
67.000000,61.236303
81.000000,65.088070
88.000000,73.998619
100.000000,75.400277
84.000000,84.588056
67.000000,72.221015
44.000000,62.586688
31.000000,50.358037
33.000000,40.358146
37.000000,42.224201
28.000000,51.146525
51.000000,47.163342
53.000000,63.669228
47.000000,61.646424
39.000000,54.944335
37.000000,45.657886
39.000000,45.794249
25.000000,47.154656
27.000000,40.924988
25.000000,44.941908
29.000000,45.866557
28.000000,44.490031
30.000000,36.922528
42.000000,31.628153
38.000000,45.324638
34.000000,42.155245
31.000000,41.499400
51.000000,42.051677
71.000000,54.664606
69.000000,66.256014
80.000000,64.622859
95.000000,71.359051
107.000000,84.860343
92.000000,93.869118
60.000000,77.603723
32.000000,57.433583
17.000000,44.291308
13.000000,33.069716
38.000000,24.898938
52.000000,50.275374
52.000000,63.815961
55.000000,65.743132
63.000000,64.854480
38.000000,64.513283
40.000000,48.057607
43.000000,48.283308
40.000000,49.050124
38.000000,48.166397
37.000000,50.183402
37.000000,52.178832
38.000000,52.305768
33.000000,52.082608
36.000000,44.690042
38.000000,45.086736
39.000000,44.912740
33.000000,41.138913
48.000000,38.080334
42.000000,52.777062
45.000000,48.586465
45.000000,51.856694
55.000000,50.484553
50.000000,56.227991
51.000000,53.740752
49.000000,53.176604
42.000000,52.425347
46.000000,50.380157
42.000000,52.872399
48.000000,50.999736
60.000000,55.429398
60.000000,63.630082
65.000000,62.595819
74.000000,65.651282
87.000000,69.972851
82.000000,77.596296
84.000000,75.164068
87.000000,76.519207
83.000000,80.373714
72.000000,79.290213
76.000000,71.081177
68.000000,75.557228
78.000000,70.771196
77.000000,78.131074
74.000000,77.028939
77.000000,76.397522
91.000000,78.580279
80.000000,89.132003
92.000000,79.299057
93.000000,91.633805
85.000000,91.282411
84.000000,84.560320
78.000000,85.020509
82.000000,80.782838
98.000000,84.513885
96.000000,98.302857
105.000000,95.583481
116.000000,108.812140
117.000000,117.683213
106.000000,114.846658
102.000000,108.207493
106.000000,105.767354
96.000000,103.952209
105.000000,94.975207
104.000000,102.154991
103.000000,105.334328
110.000000,104.642521
97.000000,109.643398
101.000000,100.128663
97.000000,104.016757
98.000000,98.014773
95.000000,98.119828
96.000000,98.391391
96.000000,97.222970
95.000000,95.646895
101.000000,95.449454
98.000000,99.910880
93.000000,98.759297
75.000000,93.643133
59.000000,81.597105
74.000000,72.145933
69.000000,80.874127
78.000000,77.478703
94.000000,82.419614
94.000000,93.604034
88.000000,93.946932
85.000000,88.938404
113.000000,84.390361
108.000000,103.116351
106.000000,98.471234
108.000000,94.278262
99.000000,94.863725
92.000000,94.676521
100.000000,90.518160
92.000000,94.948428
98.000000,88.751043
85.000000,94.988935
96.000000,85.914087
136.000000,90.867968
105.000000,116.232840
112.000000,98.236322
74.000000,103.325449
68.000000,80.329401
70.000000,75.494456
49.000000,78.155444
48.000000,66.330484
56.000000,67.288588
57.000000,76.568750
50.000000,72.718974
37.000000,70.372605
40.000000,58.153756
26.000000,57.798062
12.000000,54.357058
17.000000,45.664867
15.000000,49.412230
27.000000,53.211714
31.000000,53.849016
22.000000,54.530840
34.000000,44.619423
41.000000,48.091045
52.000000,52.811753
65.000000,53.974944
118.000000,59.352049
197.000000,78.514701
203.800000,134.602410
210.600000,139.262672
217.400000,145.582299
224.200000,172.017458
231.000000,155.481531
218.000000,159.497157
203.000000,161.521026
186.000000,138.816563
163.000000,142.580734
148.000000,130.227624
145.000000,121.943138
133.000000,124.044794
126.000000,117.380952
130.000000,115.605276
137.000000,117.663798
146.000000,122.419620
131.000000,131.240405
110.000000,118.384056
97.000000,104.868881
86.000000,99.151819
88.000000,91.571651
79.000000,91.800560
84.000000,88.939380
83.000000,92.161342
84.000000,92.990759
97.000000,89.464444
96.000000,90.089275
95.000000,87.078389
119.000000,83.308826
124.000000,92.506208
140.000000,93.758958
140.000000,100.917663
144.000000,98.699991
156.000000,99.687831
150.000000,106.323886
142.000000,102.058537
139.000000,96.588357
137.000000,99.290767
144.000000,100.053430
144.000000,106.655160
144.000000,104.356605
132.000000,106.281994
137.000000,104.155085
104.000000,104.862579
61.000000,88.469222
50.000000,72.624137
55.000000,69.495016
50.000000,73.435825
43.000000,69.947170
41.000000,68.790170
42.000000,67.463529
26.000000,68.414023
36.000000,58.595867
48.000000,55.499220
47.000000,58.008163
36.000000,58.803711
23.000000,53.757707
18.000000,50.263290
24.000000,48.478585
22.000000,50.438231
25.000000,46.894433
32.000000,46.515520
29.000000,49.558275
32.000000,49.047397
29.000000,47.213899
26.000000,45.158231
33.000000,43.824454
32.000000,46.241017
34.000000,44.984568
32.000000,45.487359
23.000000,46.662311
14.000000,44.231477
21.000000,42.213535
23.000000,43.157099
19.000000,43.326673
18.000000,43.774298
22.000000,43.819649
23.000000,45.540623
24.000000,46.166157
25.000000,44.672807
33.000000,43.651049
36.000000,45.902742
43.000000,46.629882
36.000000,48.570161
48.000000,47.301468
41.000000,51.463120
50.000000,49.639035
48.000000,51.029326
53.000000,50.002231
61.000000,52.510023
55.000000,55.007683
47.000000,54.401242
44.000000,51.933832
55.000000,53.345629
61.000000,56.029919
57.000000,58.048799
63.000000,56.097047
68.000000,59.101185
65.000000,61.993562
52.000000,60.837405
41.000000,56.036140
37.000000,53.724462
26.000000,53.545582
43.000000,51.335430
49.000000,55.864726
75.000000,59.103561
70.000000,71.489061
69.000000,68.711380
84.000000,66.727349
89.000000,76.413141
103.000000,80.477444
97.000000,87.835209
84.000000,85.120863
86.000000,77.529808
92.000000,82.905291
82.000000,87.697397
77.000000,76.999235
82.000000,76.771293
88.000000,81.783497
87.000000,84.741889
69.000000,84.386672
91.000000,72.431891
81.000000,87.743588
80.000000,82.902560
74.000000,79.933526
79.000000,76.545262
72.000000,80.669108
76.000000,76.154550
67.000000,78.832453
60.000000,71.448954
67.000000,70.721838
59.000000,74.041271
60.000000,68.231936
61.000000,67.605494
81.000000,69.642711
80.000000,79.588606
79.000000,79.790928
79.000000,79.397503
77.000000,78.567078
77.000000,77.917010
85.000000,76.548342
84.000000,82.665914
81.000000,81.329154
28.000000,80.333610
36.000000,40.832167
45.000000,32.816559
29.000000,48.004985
18.000000,22.158466
13.000000,6.107614
20.000000,13.807605
20.000000,26.683139
36.000000,41.527003
43.000000,42.308388
43.000000,38.482360
39.000000,42.662064
40.000000,38.429096
35.000000,41.166565
43.000000,42.442926
48.000000,48.774301
44.000000,54.292620
48.000000,48.862925
50.000000,45.377181
50.000000,50.179811
49.000000,50.367347
53.000000,49.625215
47.000000,53.288574
55.000000,49.883778
50.000000,56.898417
52.000000,53.797544
47.000000,51.133882
43.000000,48.829839
58.000000,47.817196
57.000000,59.877526
61.000000,60.336197
72.000000,62.389428
58.000000,70.438844
65.000000,61.994739
68.000000,66.943945
69.000000,68.427668
66.000000,68.554077
58.000000,68.669065
60.000000,63.353318
66.000000,64.853116
64.000000,71.102894
62.000000,66.890831
61.000000,64.809997
63.000000,65.772762
56.000000,67.226361
61.000000,62.382760
66.000000,64.927726
61.000000,68.992839
54.000000,66.007569
48.000000,59.797801
45.000000,49.230723
60.000000,43.020473
51.000000,64.615612
51.000000,55.433587
63.000000,57.465817
64.000000,67.188264
76.000000,68.099850
75.000000,77.158543
73.000000,75.869365
60.000000,73.599802
68.000000,64.890480
80.000000,69.642367
80.000000,78.226894
82.000000,81.604339
75.000000,83.427655
71.000000,77.659736
79.000000,73.891811
79.000000,81.561240
77.000000,78.872720
74.000000,77.186421
75.000000,76.041382
78.000000,78.340303
82.000000,81.102446
87.000000,85.761294
102.000000,90.905633
118.000000,106.998496
119.000000,125.773590
117.000000,127.615305
115.000000,122.587729
84.000000,121.896573
72.000000,89.047087
72.000000,77.557198
75.000000,78.368703
77.000000,83.791747
107.000000,86.803190
138.000000,111.681301
147.000000,143.936628
147.000000,153.534603
136.000000,162.365515
142.000000,147.321134
134.000000,154.019503
135.000000,135.393447
134.000000,130.564700
141.000000,130.501519
177.000000,132.098137
155.000000,158.172070
147.000000,146.540949
115.000000,144.031739
83.000000,114.533066
90.000000,90.963050
85.000000,94.482749
71.000000,92.316921
84.000000,86.938725
78.000000,98.809004
83.000000,92.479614
76.000000,93.346396
60.000000,85.608515
67.000000,72.552616
65.000000,76.513057
60.000000,74.638504
58.000000,70.319328
70.000000,72.800905
66.000000,76.267342
68.000000,75.657313
68.000000,74.221700
68.000000,70.101328
63.000000,71.242838
67.000000,67.691329
58.000000,66.182723
55.000000,62.668519
59.000000,64.087874
68.000000,65.956453
56.000000,69.752012
43.000000,63.520380
40.000000,58.598668
40.000000,56.911019
46.000000,56.534920
38.000000,55.660129
26.000000,54.740330
21.000000,52.030765
27.000000,51.198944
36.000000,50.213511
47.000000,52.993834
49.000000,55.955575
57.000000,55.975837
53.000000,56.855200
51.000000,55.980904
43.000000,54.533064
45.000000,52.649976
32.000000,53.757653
30.000000,50.149379
24.000000,50.722112
26.000000,49.176575
35.000000,49.796375
30.000000,51.829688
27.000000,49.863046
15.000000,47.812510
12.000000,40.075619
17.000000,40.099048
16.000000,43.977828
25.000000,44.495239
48.000000,46.638091
52.000000,54.083497
38.000000,54.629236
33.000000,50.200565
37.000000,47.603608
36.000000,48.051810
39.000000,48.353222
47.000000,48.982959
51.000000,51.726769
53.000000,57.781130
52.000000,58.801253
46.000000,56.728578
51.000000,50.972196
54.000000,54.504608
47.000000,55.810712
57.000000,51.255017
58.000000,59.195636
55.000000,59.741862
68.000000,59.337331
43.000000,67.631941
53.000000,49.670844
47.000000,57.664699
53.000000,53.612830
63.000000,57.059409
58.000000,65.664431
66.000000,60.983582
70.000000,68.383864
69.000000,72.814253
76.000000,67.148790
78.000000,73.239698
86.000000,74.210975
88.000000,79.978469
68.000000,86.522819
81.000000,69.873171
62.000000,81.889344
67.000000,68.502145
70.000000,69.156064
69.000000,72.469939
66.000000,72.096411
69.000000,71.445441
72.000000,75.333523
67.000000,74.639963
64.000000,72.454645
52.000000,67.375148
55.000000,60.747026
48.000000,63.900021
46.000000,59.303693
47.000000,59.023559
56.000000,58.354331
58.000000,59.510418
63.000000,62.740012
61.000000,66.246270
60.000000,64.620005
64.000000,64.296377
68.000000,65.763631
69.000000,67.454332
70.000000,68.639921
66.000000,70.684717
58.000000,66.070896
63.000000,59.988039
63.000000,64.998203
63.000000,64.661061
64.000000,64.889178
69.000000,66.245322
75.000000,70.133745
71.000000,77.488487
59.000000,72.366415
32.000000,56.615980
43.000000,25.665845
49.000000,37.150739
35.000000,48.680534
47.000000,34.286041
45.000000,47.617531
48.000000,38.374064
46.000000,44.256024
48.000000,30.654916
48.000000,44.122810
50.000000,40.557292
57.000000,45.914009
47.000000,55.056220
47.000000,42.681939
52.000000,38.165899
49.000000,45.614138
55.000000,38.459458
51.000000,50.717392
59.000000,42.595739
52.000000,54.243272
57.000000,48.412309
57.000000,53.004429
57.000000,50.728422
68.000000,51.699108
62.000000,66.796880
51.000000,62.963863
55.000000,48.206827
53.000000,54.140531
50.000000,55.645639
36.000000,51.230214
35.000000,24.470222
54.000000,23.940790
56.000000,51.679373
34.000000,58.665947
9.000000,23.858104
5.000000,0.000000
4.000000,0.000000
3.000000,0.000000
16.000000,0.000000
8.000000,0.000000
14.000000,0.000000
12.000000,0.000000
19.000000,0.000000
17.000000,17.212603
20.000000,23.505390
13.000000,25.206868
5.000000,24.319115
18.000000,2.896081
19.000000,18.290376
16.000000,19.747830
25.000000,18.435433
27.000000,32.847320
30.000000,37.883796
36.000000,39.120997
30.000000,43.933207
29.000000,39.663864
29.000000,36.614023
27.000000,37.201429
28.000000,34.811946
29.000000,39.892869
25.000000,41.196800
26.000000,39.125273
36.000000,40.656040
33.000000,44.606324
38.000000,43.676807
40.000000,45.238115
36.000000,44.353646
32.000000,43.401225
47.000000,40.810814
42.000000,49.868065
32.000000,46.984948
32.000000,40.304450
31.000000,42.320498
34.000000,40.511891
48.000000,38.845397
60.000000,51.192122
40.000000,57.206739
50.000000,46.628026
34.000000,52.538174
47.000000,39.814880
58.000000,51.091262
55.000000,57.330643
39.000000,55.120649
35.000000,47.381985
25.000000,46.269435
25.000000,36.705148
26.000000,37.480941
26.000000,29.874724
26.000000,37.306548
24.000000,36.584674
21.000000,28.408534
14.000000,28.613103
22.000000,29.582298
28.000000,29.274481
24.000000,39.295526
23.000000,29.463079
19.000000,31.568767
28.000000,31.585899
35.000000,38.924527
35.000000,42.622394
43.000000,43.716520
46.000000,46.888424
65.000000,49.425018
78.000000,56.596548
76.000000,62.687679
73.000000,62.107739
67.000000,61.885687
66.000000,60.519296
64.000000,59.213159
75.000000,59.935046
65.000000,66.726481
63.000000,62.925207
61.000000,64.699636
61.000000,63.316285
59.000000,63.496178
60.000000,62.305399
76.000000,62.653589
73.000000,72.109022
68.000000,73.377969
67.000000,69.259032
62.000000,69.210054
69.000000,66.101041
72.000000,70.355707
87.000000,71.718665
97.000000,80.503997
94.000000,90.750554
86.000000,89.667851
67.000000,82.861228
47.000000,70.155635
41.000000,56.665962
39.000000,51.658166
38.000000,48.954930
41.000000,54.495710
48.000000,60.301790
43.000000,62.614319
46.000000,57.879219
37.000000,54.767335
44.000000,44.717900
41.000000,48.768373
40.000000,46.928589
48.000000,50.977193
52.000000,57.211066
41.000000,59.413117
48.000000,50.738773
39.000000,53.935317
46.000000,46.730678
54.000000,50.760265
53.000000,56.244727
46.000000,56.541409
41.000000,52.877463
39.000000,48.198913
39.000000,44.272176
33.000000,43.967110
34.000000,42.267407
38.000000,40.800140
57.000000,43.763168
69.000000,59.314385
54.000000,66.404815
55.000000,54.810626
47.000000,54.308694
49.000000,45.529458
59.000000,50.682671
55.000000,57.651645
51.000000,54.723359
55.000000,54.508430
65.000000,60.071812
70.000000,65.220577
83.000000,70.577336
82.000000,82.040955
78.000000,79.611693
78.000000,78.169884
85.000000,77.717063
95.000000,83.618176
89.000000,92.050519
79.000000,88.730426
73.000000,80.956826
65.000000,77.862440
63.000000,71.022132
59.000000,68.936092
49.000000,64.482864
60.000000,55.537625
64.000000,69.759005
48.000000,72.202390
43.000000,55.473245
47.000000,48.910377
49.000000,55.628244
45.000000,55.275943
47.000000,50.733393
45.000000,53.948428
46.000000,56.254747
47.000000,55.000913
45.000000,51.942975
55.000000,45.050763
52.000000,57.436394
55.000000,51.563210
52.000000,54.033819
68.000000,50.763855
73.000000,67.138801
83.000000,72.021489
87.000000,80.588060
81.000000,83.131605
83.000000,78.868527
81.000000,81.815650
86.000000,80.199178
85.000000,83.998834
92.000000,84.877011
87.000000,93.576422
85.000000,89.195546
72.000000,87.406841
77.000000,76.281581
73.000000,81.189155
68.000000,78.092274
55.000000,74.153669
41.000000,62.889049
45.000000,51.764697
66.000000,55.149765
61.000000,73.709373
70.000000,66.134729
88.000000,74.878244
90.000000,90.624683
83.000000,92.077674
68.000000,83.269338
68.000000,68.289455
75.000000,68.291361
67.000000,77.418120
69.000000,67.509553
70.000000,72.186222
66.000000,76.379788
72.000000,72.990727
76.000000,75.952766
73.000000,76.532984
68.000000,74.514245
76.000000,72.853675
82.000000,79.246539
77.000000,85.643921
78.000000,81.575372
78.000000,81.538683
83.000000,82.297612
74.000000,85.825800
74.000000,78.259547
57.000000,77.762692
53.000000,60.423657
67.000000,57.823275
71.000000,72.014838
71.000000,75.578601
72.000000,76.375215
69.000000,78.507396
71.000000,73.661847
72.000000,74.480749
70.000000,72.909851
68.000000,70.741634
67.000000,70.406184
73.000000,70.478751
79.000000,75.537013
87.000000,81.147349
72.000000,87.820561
78.000000,74.364983
78.000000,80.519116
72.000000,79.429985
73.000000,74.207519
73.000000,75.231280
70.000000,76.891670
65.000000,75.360855
65.000000,72.571247
51.000000,69.682477
58.000000,53.583853
59.000000,63.385536
69.000000,62.900229
73.000000,73.266424
95.000000,77.487191
82.000000,96.103741
80.000000,85.149660
75.000000,83.153763
77.000000,76.357918
66.000000,79.523042
71.000000,67.378904
80.000000,74.139091
94.000000,83.211492
88.000000,97.168194
77.000000,91.384570
71.000000,81.847947
72.000000,73.326354
72.000000,75.564350
74.000000,74.836416
85.000000,78.253157
64.000000,89.724106
59.000000,74.314162
55.000000,66.737962
55.000000,58.501752
56.000000,56.350676
61.000000,58.255554
60.000000,62.022372
53.000000,61.054327
54.000000,58.789164
53.000000,61.201981
59.000000,56.555169
48.000000,57.622499
46.000000,45.594156
56.000000,44.582824
46.000000,54.687747
53.000000,39.908010
59.000000,53.613936
50.000000,61.600393
50.000000,48.691424
55.000000,43.963533
59.000000,48.372619
52.000000,53.704007
57.000000,42.934426
47.000000,52.066573
51.000000,41.097135
63.000000,54.165362
71.000000,62.559647
70.000000,70.772526
74.000000,70.342231
83.000000,74.889489
76.000000,84.247151
93.000000,76.343577
90.000000,90.744800
91.000000,86.238430
99.000000,91.050134
98.000000,103.119121
105.000000,102.488568
95.000000,110.745555
89.000000,101.781598
96.000000,93.919743
113.000000,99.125071
107.000000,112.356650
110.000000,110.633890
111.000000,115.753453
115.000000,117.363055
119.000000,120.944488
120.000000,127.292918
133.000000,129.296014
176.000000,135.018127
174.000000,170.316714
172.000000,177.545265
166.000000,174.327825
165.000000,170.127771
170.000000,163.117235
192.000000,169.813270
195.000000,189.385898
196.000000,175.198365
181.000000,166.144319
174.000000,156.749469
173.000000,151.701145
146.000000,151.551406
136.000000,132.399840
118.000000,126.280233
119.000000,117.530364
116.000000,118.706016
109.000000,119.611196
106.000000,112.765520
108.000000,109.633218
98.000000,110.238837
99.000000,100.277347
97.000000,99.482319
109.000000,95.661848
117.000000,100.793862
121.000000,102.769485
105.000000,102.904982
85.000000,94.689962
84.000000,86.492429
89.000000,83.048003
97.000000,84.867761
94.000000,85.960058
102.000000,86.090503
85.000000,88.316921
53.000000,82.367968
51.000000,68.224754
61.000000,65.056130
57.000000,67.890329
55.000000,67.132864
61.000000,66.606092
71.000000,68.050435
66.000000,71.367299
63.000000,68.261840
66.000000,61.917307
72.000000,61.705546
71.000000,65.995805
71.000000,65.544604
69.000000,65.070568
68.000000,64.785815
62.000000,65.041565
58.000000,62.420112
56.000000,59.047415
55.000000,58.731013
54.000000,60.954852
71.000000,60.394781
73.000000,65.119079
79.000000,65.142658
75.000000,66.072679
69.000000,64.142429
70.000000,61.544585
68.000000,62.179113
66.000000,63.272415
82.000000,62.302563
84.000000,69.341547
86.000000,69.711308
93.000000,69.993382
76.000000,72.229183
70.000000,66.222002
58.000000,64.891433
51.000000,62.204816
44.000000,59.757234
31.000000,60.319080
37.000000,56.595969
35.000000,58.692303
28.000000,59.452871
37.000000,55.341576
38.000000,57.391581
32.000000,56.307201
34.000000,52.439049
28.000000,51.611483
32.000000,49.115655
32.000000,52.179783
29.000000,51.491619
31.000000,43.600016
28.000000,40.127216
29.000000,29.263515
33.000000,34.527616
27.000000,40.120219
31.000000,41.837726
34.000000,46.784705
35.000000,47.897088
30.000000,43.257931
35.000000,26.824529
33.000000,32.663201
26.000000,35.771207
33.000000,35.965251
30.000000,43.649499
22.000000,42.817567
32.000000,33.515203
32.000000,35.487554
44.000000,31.435677
42.000000,43.755876
48.000000,43.514335
52.000000,49.943726
43.000000,54.588840
58.000000,49.022324
60.000000,57.086136
62.000000,59.595162
56.000000,60.606038
48.000000,57.972985
46.000000,51.819224
56.000000,51.660009
71.000000,59.647744
73.000000,67.263098
66.000000,69.799246
64.000000,66.864416
59.000000,65.858362
66.000000,61.555480
53.000000,65.774947
61.000000,57.398320
61.000000,64.578625
49.000000,66.403345
51.000000,60.348366
37.000000,59.669460
27.000000,48.159501
36.000000,31.043672
33.000000,44.239548
35.000000,42.811830
55.000000,49.283901
43.000000,63.307603
50.000000,55.458765
41.000000,57.823318
46.000000,48.339667
49.000000,49.287451
49.000000,53.391970
53.000000,51.601871
51.000000,56.026446
58.000000,56.687174
56.000000,59.600110
54.000000,58.832869
52.000000,55.759697
54.000000,54.178925
51.000000,56.530511
61.000000,53.996632
61.000000,62.202212
57.000000,62.617393
67.000000,60.545928
37.000000,67.742303
35.000000,44.621794
33.000000,41.797352
37.000000,38.346107
61.000000,42.715778
48.000000,63.793395
44.000000,51.785495
41.000000,50.707464
36.000000,43.427663
40.000000,41.329794
42.000000,42.627827
45.000000,43.908251
33.000000,46.911861
45.000000,29.235042
45.000000,42.805532
42.000000,44.426789
43.000000,35.250840
41.000000,42.644360
52.000000,40.206660
42.000000,51.119219
49.000000,39.882559
49.000000,44.509453
50.000000,40.442734
63.000000,44.107572
67.000000,59.793448
65.000000,65.885057
66.000000,64.156792
73.000000,66.239302
67.500000,70.833701
62.000000,66.486503
81.000000,60.692201
137.000000,81.333007
140.000000,152.085844
123.000000,146.313331
134.000000,121.784207
122.000000,141.371916
126.000000,124.522864
148.000000,132.682833
142.000000,170.906858
135.000000,156.593943
134.000000,131.599737
133.000000,124.590890
128.000000,125.607313
140.000000,122.439875
166.000000,135.467595
153.000000,161.193741
130.000000,144.686914
113.000000,125.494098
59.000000,108.690395
52.000000,79.607057
68.000000,75.922509
70.000000,83.028521
65.000000,85.407298
75.000000,86.612986
71.000000,90.098481
70.000000,85.551710
67.000000,81.773262
63.000000,71.331325
57.000000,68.966259
61.000000,68.888852
65.000000,71.279459
67.000000,72.692422
63.000000,74.604300
58.000000,71.777179
61.000000,67.633083
60.000000,64.708075
59.000000,63.999561
63.000000,63.440212
80.000000,66.022906
75.000000,71.925929
82.000000,70.345063
82.000000,73.646496
59.000000,71.076153
50.000000,62.260585
60.000000,59.114403
54.000000,62.722440
59.000000,61.135015
49.000000,63.835178
48.000000,60.252074
43.000000,61.554236
40.000000,59.282214
56.000000,55.809702
57.000000,60.376383
56.000000,62.017607
48.000000,60.827420
54.000000,58.830709
56.000000,58.850717
51.000000,60.785103
56.000000,58.064752
57.000000,58.626289
63.000000,61.270755
51.000000,64.349746
53.000000,59.205855
42.000000,58.277210
49.000000,54.907581
60.000000,58.271679
54.000000,60.979220
57.000000,59.787299
61.000000,62.534409
73.000000,65.234936
61.000000,68.117117
48.000000,60.981484
43.000000,55.432983
34.000000,55.752865
28.000000,53.677878
33.000000,49.160036
32.000000,51.513339
42.000000,49.400539
43.000000,58.612663
46.000000,57.497405
44.000000,56.591126
42.000000,54.915075
26.000000,51.376477
23.000000,13.335283
31.000000,0.000000
30.000000,11.730009
27.000000,12.020916
26.000000,8.306932
23.000000,15.689403
21.000000,10.311214
16.000000,13.052868
18.000000,11.673407
19.000000,9.107902
16.000000,0.482437
17.000000,0.000000
24.000000,2.016807
24.000000,19.858489
28.000000,23.153079
29.000000,31.813337
34.000000,36.305222
26.000000,38.808984
25.000000,30.345292
25.000000,29.048350
19.000000,32.367215
22.000000,22.428468
14.000000,30.376559
12.000000,25.859250
9.000000,13.368164
13.000000,12.661955
9.000000,22.644758
14.000000,21.947639
14.000000,21.480853
11.000000,15.173783
6.000000,10.217358
16.000000,10.042152
12.000000,21.956442
11.000000,22.911070
3.000000,23.293667
5.000000,22.173891
3.000000,11.629169
5.000000,0.000000
10.000000,1.017597
7.000000,15.938219
7.000000,0.000000
5.000000,5.307883
5.000000,9.854311
9.000000,22.165222
9.000000,16.087243
7.000000,10.291491
8.000000,2.916829
8.000000,9.024941
12.000000,7.303980
12.000000,17.948538
14.000000,16.407298
11.000000,28.246133
16.000000,15.866642
16.000000,18.540849
16.000000,19.547640
13.000000,20.772640
10.000000,15.206281
3.000000,10.086174
13.000000,0.000000
13.000000,17.800928
28.000000,15.759538
28.000000,31.822934
31.000000,31.568664
31.000000,34.166904
26.000000,35.704055
36.000000,32.840850
27.000000,39.315397
24.000000,34.103434
28.000000,29.921745
28.000000,32.276148
31.000000,33.070315
23.000000,37.078312
27.000000,30.162426
22.000000,33.931133
25.000000,29.663240
22.000000,34.211287
27.000000,29.904477
14.000000,33.757180
19.000000,18.786540
9.000000,26.827587
9.000000,13.353017
12.000000,14.003787
12.000000,26.013537
11.000000,24.375157
12.000000,19.336902
19.000000,19.595220
23.000000,29.412119
40.000000,34.139302
34.000000,43.222798
40.000000,40.967398
41.000000,43.705689
48.000000,44.353210
44.000000,46.397404
44.000000,45.660791
50.000000,45.492478
42.000000,48.816809
44.000000,46.250612
40.000000,46.469112
53.000000,46.158496
52.000000,51.474012
43.000000,51.843579
41.000000,47.783417
54.000000,47.093895
56.000000,54.310486
65.000000,54.749368
64.000000,57.941327
64.000000,57.386600
49.000000,59.693671
51.000000,54.093047
53.000000,53.592278
41.000000,54.086765
38.000000,50.929070
51.000000,48.961014
60.000000,57.251384
60.000000,60.881046
66.000000,62.313044
51.000000,62.436418
58.000000,55.195056
47.000000,59.042884
50.000000,52.832268
46.000000,54.549628
50.000000,55.367477
44.000000,58.438350
49.000000,55.832924
60.000000,58.095172
61.000000,61.523240
48.000000,63.217584
64.000000,53.161501
82.000000,63.316791
90.000000,73.786008
106.000000,81.528174
115.000000,91.976599
70.000000,99.278044
69.000000,69.524955
93.000000,69.249355
111.000000,83.030655
130.000000,97.867087
109.000000,118.293924
57.000000,100.689270
35.000000,68.563636
31.000000,60.068477
28.000000,46.172883
21.000000,44.364536
13.000000,44.999624
26.000000,49.024700
15.000000,61.041918
11.000000,50.682675
24.000000,37.465999
19.000000,45.602005
22.000000,28.237587
23.000000,26.796700
22.000000,37.518119
18.000000,41.766402
26.000000,45.487492
32.000000,43.378850
40.000000,39.910403
23.000000,46.403052
37.000000,23.072576
35.000000,37.353146
29.000000,41.003106
24.000000,42.291777
22.000000,42.187111
24.000000,37.739593
28.000000,36.987728
28.000000,42.035510
33.000000,35.727104
35.000000,38.076952
30.000000,45.219339
30.000000,45.236336
31.000000,45.365999
26.000000,45.168351
23.000000,43.577998
29.000000,42.879354
30.000000,39.248136
36.000000,38.635627
34.000000,47.539624
35.000000,47.785888
51.000000,48.081073
44.000000,53.795268
61.000000,50.721997
61.000000,57.382922
37.000000,58.160497
37.000000,43.186438
51.000000,47.404242
44.000000,54.281326
46.000000,51.660132
47.000000,54.604236
47.000000,53.608217
47.000000,55.833861
37.000000,54.801933
32.000000,43.427173
20.000000,44.746114
25.000000,45.338225
29.000000,47.632644
22.000000,49.621901
27.000000,45.857929
33.000000,49.471047
32.000000,46.319058
39.000000,37.871407
39.000000,48.963791
29.000000,49.836714
37.000000,47.311218
40.000000,50.202057
35.000000,45.723686
40.000000,41.073604
54.000000,46.872689
51.000000,53.565509
41.000000,52.310577
37.000000,45.634910
44.000000,39.442196
45.000000,48.866531
49.000000,49.116756
54.000000,51.571980
54.000000,55.717912
51.000000,56.484907
43.000000,54.370787
44.000000,48.596323
41.000000,47.478068
39.000000,47.239544
38.000000,45.731129
36.000000,46.068414
29.000000,45.634041
31.000000,34.728937
32.000000,33.665571
33.000000,36.242808
34.000000,36.165138
31.000000,39.249168
33.000000,36.369415
31.000000,40.993658
38.000000,37.350168
38.000000,42.601666
31.000000,40.629331
33.000000,34.003598
31.000000,34.348029
37.000000,30.461255
38.000000,39.878356
45.000000,41.763464
41.000000,45.953441
36.000000,43.722299
39.000000,37.208824
38.000000,41.830695
38.000000,39.130991
32.000000,38.729214
44.000000,32.807600
43.000000,46.774086
39.000000,45.605738
44.000000,43.374491
44.000000,46.906651
39.000000,47.134103
49.500000,41.432962
60.000000,50.808383
53.000000,58.439859
50.000000,55.196300
51.000000,52.950704
49.000000,53.132598
43.000000,51.202866
44.000000,47.174821
39.000000,47.107296
31.000000,42.418436
43.000000,36.205150
36.000000,47.708269
34.000000,37.795377
30.000000,35.366689
16.000000,28.487871
12.000000,0.000000
34.000000,0.000000
42.000000,34.791380
42.000000,46.259857
26.000000,44.095825
23.000000,23.019041
27.000000,21.130762
32.000000,25.589493
23.000000,34.376066
15.000000,25.278976
15.000000,0.000000
29.000000,2.107938
42.000000,25.346608
32.000000,43.643042
35.000000,33.418420
35.000000,35.672527
38.000000,35.709832
42.000000,38.887710
45.000000,44.193250
54.000000,47.887022
60.000000,53.938311
51.000000,59.091039
45.000000,51.307007
45.000000,47.087110
40.000000,48.046268
36.000000,43.790280
39.000000,38.557130
45.000000,44.032655
50.000000,48.083098
54.000000,55.162783
47.000000,56.482758
30.000000,49.901301
20.000000,30.789426
13.000000,15.902197
13.000000,9.767848
16.000000,17.597715
20.000000,10.906213
28.000000,18.636578
39.000000,32.051252
38.000000,42.168055
48.000000,41.063727
38.000000,48.849877
37.000000,40.837449
34.000000,42.509719
43.000000,36.535767
43.000000,45.462282
43.000000,46.697504
40.000000,45.586858
36.000000,42.608709
36.000000,40.613554
36.000000,37.859048
26.000000,40.319086
20.000000,26.663029
16.000000,22.445883
14.000000,12.695583
25.000000,2.888067
16.000000,26.866854
12.000000,22.673742
14.000000,9.970384
19.000000,18.084602
22.000000,24.091684
20.000000,33.137081
47.000000,30.431913
42.000000,48.852359
41.000000,45.758136
43.000000,45.307449
43.000000,45.050126
45.000000,45.399636
36.000000,46.308928
30.000000,41.033512
34.000000,35.660065
26.000000,37.673446
27.000000,20.112701
20.000000,29.649324
19.000000,22.349378
24.000000,21.148254
17.000000,25.406089
22.000000,19.541531
21.000000,26.190951
26.000000,25.823401
22.000000,26.986878
32.000000,26.912132
41.000000,39.205508
35.000000,45.675166
41.000000,41.025752
44.000000,45.322942
37.000000,46.465980
42.000000,39.644564
39.000000,42.106617
26.000000,40.659019
23.000000,24.102615
17.000000,18.506824
18.000000,1.403960
16.000000,3.403327
17.000000,0.000000
7.000000,9.962942
15.000000,0.000000
27.000000,11.474285
29.000000,34.539535
22.000000,37.908451
32.000000,29.175030
34.000000,38.818113
29.000000,39.765503
26.000000,35.367200
20.000000,31.490447
21.000000,22.716611
48.000000,16.511070
45.000000,48.562613
57.000000,45.139122
59.000000,53.839553
66.000000,55.115585
78.000000,58.573392
81.000000,63.334925
84.000000,63.420291
86.000000,65.493652
107.000000,72.562885
107.000000,82.513364
97.000000,85.184059
88.000000,78.772022
84.000000,75.706067
76.000000,74.571588
82.000000,69.753901
73.000000,73.551040
71.000000,72.563177
72.000000,73.343647
78.000000,75.305876
77.000000,77.443363
95.000000,77.860703
90.000000,87.021521
91.000000,82.767863
89.000000,84.742600
88.000000,85.134905
94.000000,82.472370
94.000000,86.553370
94.000000,87.984208
99.000000,87.932788
104.000000,91.262367
109.000000,93.852464
125.000000,97.996863
112.000000,114.324386
119.000000,98.673127
115.000000,105.352730
114.000000,105.338434
108.000000,104.238003
98.000000,98.572103
91.000000,92.461729
77.000000,89.656049
62.000000,84.877176
61.000000,74.057538
58.000000,75.431797
70.000000,73.948148
77.000000,79.683053
70.000000,81.953527
68.000000,77.654834
66.000000,75.589264
63.000000,73.511506
69.000000,68.446967
68.000000,71.491626
71.000000,70.678881
56.000000,74.223265
41.000000,67.364998
37.000000,59.444598
29.000000,56.741155
36.000000,49.769651
37.000000,52.624326
45.000000,54.238392
57.000000,56.599652
58.000000,64.428136
57.000000,63.361711
53.000000,59.848123
48.000000,57.220142
41.000000,53.761500
48.000000,49.934952
36.000000,55.233679
47.000000,48.182401
46.000000,55.631303
41.000000,55.988355
38.000000,51.467909
33.000000,50.216968
33.000000,49.143711
34.000000,48.703293
38.000000,50.908279
36.000000,50.457031
38.000000,49.043311
36.000000,50.684515
34.000000,47.770021
48.000000,47.444604
54.000000,54.148938
61.000000,56.041152
61.000000,60.265815
59.000000,60.424011
56.000000,59.578640
55.000000,58.903509
50.000000,57.808016
63.000000,54.975295
71.000000,62.866507
68.000000,69.264527
43.000000,68.235741
29.000000,54.587409
19.000000,44.304241
21.000000,37.142824
24.000000,39.348337
34.000000,42.700588
41.000000,52.871470
52.000000,55.922359
41.000000,62.475808
37.000000,52.777472
35.000000,48.446601
23.000000,45.955724
32.000000,37.823661
41.000000,42.362647
35.000000,46.429138
40.000000,36.509480
46.000000,38.449219
36.000000,44.435777
34.000000,35.674817
34.000000,38.236464
34.000000,38.794889
35.000000,37.055284
46.000000,38.094551
49.000000,47.371592
51.000000,48.880045
55.000000,52.683216
70.000000,55.918066
64.000000,65.859220
33.000000,60.378334
62.000000,35.821378
56.000000,60.370522
44.000000,57.090352
53.000000,43.124372
44.000000,55.467294
42.000000,48.749132
26.000000,51.631290
35.000000,35.994715
51.000000,36.642258
35.000000,55.880916
43.000000,40.453325
43.000000,43.353852
42.000000,44.175641
45.000000,46.174131
40.000000,52.157794
40.000000,47.319497
43.000000,41.032627
52.000000,47.190525
43.000000,52.673706
35.000000,40.379595
46.000000,28.458961
44.000000,48.056162
48.000000,49.223258
49.000000,51.527518
60.000000,50.894752
54.000000,60.038628
47.000000,54.195618
44.000000,44.249885
40.000000,42.137049
38.000000,43.316464
36.000000,45.850758
41.000000,46.279194
44.000000,45.100867
44.000000,47.085456
41.000000,48.253098
42.000000,40.227555
38.000000,40.927052
50.000000,40.966463
42.000000,53.614376
46.000000,49.314619
53.000000,50.031712
55.000000,54.851654
50.000000,56.341410
50.000000,49.944206
59.000000,50.423045
68.000000,58.261597
71.000000,66.883020
84.000000,66.372526
76.000000,77.313489
81.000000,75.163466
84.000000,79.342504
66.000000,81.324066
59.000000,65.888737
52.000000,60.585697
54.000000,56.021003
57.000000,59.922069
57.000000,64.865095
42.000000,60.147196
54.000000,46.116029
57.000000,61.517130
66.000000,60.386260
69.000000,68.714666
65.000000,71.234296
75.000000,68.361495
74.000000,75.829685
80.000000,76.886001
74.000000,79.203026
67.000000,75.578553
64.000000,69.556185
76.000000,67.336064
64.000000,78.218570
73.000000,66.775776
79.000000,76.115877
79.000000,82.609273
76.000000,81.297763
86.000000,78.863489
88.000000,87.367678
86.000000,89.506902
73.000000,89.758447
70.000000,74.991598
77.000000,73.848771
74.000000,81.651157
70.000000,79.244358
74.000000,74.472448
72.000000,79.380521
70.000000,78.471626
62.000000,76.927013
68.000000,66.503378
56.000000,72.289123
52.000000,60.921914
44.000000,58.266852
42.000000,46.949116
47.000000,44.499491
32.000000,51.142640
35.000000,25.355612
37.000000,25.888503
48.000000,31.041288
48.000000,42.577781
49.000000,45.245834
39.000000,45.109095
35.000000,29.236558
38.000000,20.849652
41.000000,28.199054
44.000000,27.222887
47.000000,35.842008
41.000000,36.873884
45.000000,33.994409
43.000000,36.707827
44.000000,34.084069
37.000000,35.872143
30.000000,34.508914
31.000000,16.503865
24.000000,25.295486
34.000000,10.083809
35.000000,35.426847
35.000000,33.728099
35.000000,33.678560
35.000000,31.884256
48.000000,38.159157
43.000000,46.586145
51.000000,40.731240
64.000000,49.049269
55.000000,61.102591
53.000000,52.800922
59.000000,53.539414
50.000000,58.786872
68.000000,53.000714
66.000000,67.277231
73.000000,65.202967
70.000000,71.269997
79.000000,71.626705
68.000000,78.315453
56.000000,67.834146
42.000000,58.842795
31.000000,48.791128
31.000000,36.413588
27.000000,36.598728
30.000000,36.879521
36.000000,35.194418
41.000000,43.156245
55.000000,49.950855
78.000000,60.221669
81.000000,74.711485
98.000000,76.612249
108.000000,90.877299
104.000000,98.943019
116.000000,98.060987
93.000000,112.282205
81.000000,89.753381
53.000000,81.795187
53.000000,61.715734
46.000000,61.061320
47.000000,60.239984
56.000000,62.529977
64.000000,66.827403
54.000000,74.439323
53.000000,63.360327
58.000000,59.738699
50.000000,62.301097
52.000000,56.934405
56.000000,59.314866
44.000000,62.862899
54.000000,56.121477
58.000000,64.683952
58.000000,63.009510
61.000000,60.828034
62.000000,63.495909
64.000000,63.888052
67.000000,65.613928
75.000000,68.042206
105.000000,71.947331
94.000000,94.914335
73.000000,91.502599
69.000000,73.582844
70.000000,70.260073
72.000000,70.139000
65.000000,71.604473
51.000000,66.942448
53.000000,57.477132
55.000000,66.437985
64.000000,63.845400
60.000000,65.864876
68.000000,63.105087
73.000000,71.842456
69.000000,76.157486
59.000000,72.029139
57.000000,63.533073
43.000000,64.556185
39.000000,49.468156
43.000000,30.891650
48.000000,36.768532
47.000000,52.598910
58.000000,56.225564
44.000000,65.071740
41.000000,52.367042
41.000000,54.396462
44.000000,43.339976
45.000000,34.219078
40.000000,32.675099
26.000000,30.404153
4.000000,21.892297
2.000000,8.193354
5.000000,6.215712
4.000000,28.203838
5.000000,1.242854
6.000000,0.000000
22.000000,0.000000
91.000000,4.020582
132.000000,83.076443
161.000000,108.476701
178.000000,132.778645
145.000000,131.462131
141.000000,117.814177
114.000000,122.548545
101.000000,97.662870
89.000000,91.932002
86.000000,89.904160
66.000000,84.901222
70.000000,75.862646
75.000000,79.083779
90.000000,78.233133
100.000000,86.753239
98.000000,94.612399
106.000000,96.932561
105.000000,106.440346
119.000000,95.252924
132.000000,94.600692
120.000000,99.382505
110.000000,98.686850
105.000000,96.841954
104.000000,98.828981
95.000000,102.721328
92.000000,97.539791
113.000000,89.273057
142.000000,97.042057
154.000000,111.726535
161.000000,123.632472
164.000000,130.255813
168.000000,141.369612
171.000000,155.534133
179.000000,157.504701
170.000000,139.298157
172.000000,125.112763
181.000000,129.125422
169.000000,140.839867
177.000000,135.380353
198.000000,144.136114
210.000000,161.636177
199.000000,169.578153
197.000000,156.337843
191.000000,151.276741
185.000000,148.758625
164.000000,150.721583
155.000000,135.549773
146.000000,133.679188
158.000000,134.387831
157.000000,144.559017
158.000000,139.949805
158.000000,137.473740
157.000000,134.567490
161.000000,135.635259
172.000000,132.574723
172.000000,138.274617
171.000000,137.862806
183.000000,141.298553
184.000000,145.154675
178.000000,143.278697
180.000000,136.340216
179.000000,138.452517
160.000000,137.892768
153.000000,129.814743
150.000000,125.417342
154.000000,125.464689
179.000000,129.782452
186.000000,143.358269
182.000000,143.202009
172.000000,142.157046
170.000000,137.824322
156.000000,132.732462
149.000000,121.670533
170.000000,115.964359
178.000000,129.166827
177.000000,139.820719
162.000000,139.394577
145.000000,129.728785
107.000000,120.575291
95.000000,100.143051
104.000000,90.932029
87.000000,91.940948
73.000000,88.833728
76.000000,85.568466
79.000000,86.371795
89.000000,84.778425
77.000000,86.867749
54.000000,75.593908
54.000000,64.834264
44.000000,64.931156
48.000000,60.045477
53.000000,59.501128
50.000000,61.318229
49.000000,60.105953
50.000000,61.542893
51.000000,58.733789
46.000000,55.030247
48.000000,53.499678
55.000000,51.538036
62.000000,52.514825
71.000000,55.284090
74.000000,57.695229
65.000000,60.308234
72.000000,57.552409
79.000000,58.334617
83.000000,59.256157
85.000000,59.044771
91.000000,59.575321
100.000000,62.902339
97.000000,67.730627
89.000000,68.893267
78.000000,66.324205
81.000000,64.646110
81.000000,66.208417
73.000000,65.607470
81.000000,63.019541
76.000000,66.976852
79.000000,67.936881
75.000000,69.433315
72.000000,67.774473
70.000000,66.650337
69.000000,66.999659
75.000000,65.899359
84.000000,65.820172
87.000000,70.505784
104.000000,72.141955
112.000000,79.597239
154.000000,83.935202
167.000000,106.011557
174.000000,113.573494
198.000000,112.461747
178.000000,120.180815
150.000000,112.926026
125.000000,102.026425
121.000000,96.422190
119.000000,99.669960
134.000000,106.127682
111.000000,115.604112
117.000000,102.593645
125.000000,109.255865
109.000000,111.291397
107.000000,100.256755
108.000000,98.794459
103.000000,105.178059
101.000000,100.159088
86.000000,100.104423
88.000000,89.142989
92.000000,91.298496
100.000000,94.605683
107.000000,96.593728
100.000000,101.128912
85.000000,97.958369
101.000000,85.830526
103.000000,92.132776
84.000000,88.944917
82.000000,79.961274
88.000000,81.083982
81.000000,85.711505
81.000000,84.143442
86.000000,83.364736
88.000000,80.127962
80.000000,81.708359
70.000000,77.710880
80.000000,69.509820
82.000000,74.267731
81.000000,78.842278
80.000000,79.091015
85.000000,78.595667
86.000000,78.213588
95.000000,77.839491
97.000000,80.793412
98.000000,76.200071
98.000000,79.539900
79.000000,83.983656
84.000000,76.442825
90.000000,78.786138
55.000000,79.643618
48.000000,65.558796
66.000000,64.582845
76.000000,68.594197
76.000000,73.815031
88.000000,76.272376
76.000000,79.974724
80.000000,75.348201
75.000000,76.290668
63.000000,67.115150
71.000000,62.903745
65.000000,67.098728
48.000000,67.788641
39.000000,63.484774
41.000000,61.514560
29.000000,60.888494
28.000000,57.836787
21.000000,54.254610
18.000000,50.895367
10.000000,51.588967
13.000000,49.694708
19.000000,48.791365
9.000000,48.828531
17.000000,44.116259
12.000000,45.346225
21.000000,44.977060
14.000000,43.930499
13.000000,40.626614
17.000000,42.132864
18.000000,41.576023
20.000000,41.227063
22.000000,41.117172
19.000000,41.251845
18.000000,40.741422
26.000000,39.430710
27.000000,40.900097
17.000000,42.750132
22.000000,40.511921
33.000000,41.923915
36.000000,45.441007
33.000000,46.613732
24.000000,45.630439
17.000000,43.088138
17.000000,39.894337
11.000000,41.216500
11.000000,39.323020
8.000000,38.191323
18.000000,37.836275
6.000000,42.448896
12.000000,37.764625
17.000000,38.477077
19.000000,40.699821
20.000000,42.238141
20.000000,41.574906
26.000000,41.180074
20.000000,43.169247
20.000000,42.254196
22.000000,40.102322
31.000000,40.277333
23.000000,44.983986
24.000000,42.908657
29.000000,42.525366
30.000000,43.391423
22.000000,43.752301
27.000000,40.977863
14.000000,37.683040
10.000000,14.786241
7.000000,25.072604
5.000000,27.292705
11.000000,17.243965
8.000000,27.958765
9.666667,22.302015
11.333333,20.756899
13.000000,23.992535
11.000000,15.710074
14.000000,22.207224
13.000000,24.638236
23.000000,17.911810
24.000000,24.800128
30.000000,29.746709
28.000000,32.990739
28.000000,33.374187
29.000000,30.938092
28.000000,33.140829
25.000000,34.302619
30.000000,32.294065
26.000000,32.564087
22.000000,31.947256
23.000000,20.030348
23.000000,27.298151
20.000000,24.561496
17.000000,25.504296
24.000000,21.911511
30.000000,31.989981
22.000000,35.732589
23.000000,28.265341
20.000000,26.036318
23.000000,26.774347
30.000000,27.908179
23.000000,34.740015
39.000000,26.590739
41.000000,42.729388
37.000000,43.853245
27.000000,39.391345
31.000000,24.503534
31.000000,33.905242
19.000000,33.588065
31.000000,17.996311
35.000000,34.664181
30.000000,41.059345
34.000000,35.886979
38.000000,39.459483
30.000000,41.081427
37.000000,36.345939
30.000000,41.582901
35.000000,36.423818
35.000000,40.125946
41.000000,42.293991
28.000000,45.482188
44.000000,32.109203
43.000000,46.749480
21.000000,45.380026
34.000000,22.542857
31.000000,36.783962
30.000000,36.764318
35.000000,37.316156
27.000000,38.952809
29.000000,28.837452
31.000000,34.560391
29.000000,32.963153
26.000000,34.790290
34.000000,33.365137
39.000000,40.855199
29.000000,45.655619
29.000000,36.816448
32.000000,34.848680
27.000000,39.383459
36.000000,33.924249
24.000000,38.857260
20.000000,27.422370
25.000000,20.286250
33.000000,28.974922
28.000000,34.863040
35.000000,27.670397
41.000000,37.074509
30.000000,42.949181
26.000000,30.977972
28.000000,22.174045
28.000000,30.295582
31.000000,29.605610
40.000000,29.705692
35.000000,40.973783
29.000000,39.511859
29.000000,31.463915
35.000000,29.341518
43.000000,37.065623
45.000000,44.279516
34.000000,45.400114
37.000000,34.602672
30.000000,37.931007
29.000000,31.381283
32.000000,32.889262
25.000000,31.330554
32.000000,18.979285
27.000000,33.574591
23.000000,22.329354
23.000000,10.609816
22.000000,14.655661
33.000000,14.653610
45.000000,31.147601
41.000000,45.951987
53.000000,42.801749
51.000000,53.125610
47.000000,51.674719
47.000000,47.143977
46.000000,47.404565
51.000000,46.044440
43.000000,51.078441
56.000000,45.605096
56.000000,54.553341
54.000000,57.544312
47.000000,55.495645
41.000000,48.351601
38.000000,43.908984
30.000000,38.664101
19.000000,29.885698
10.000000,16.449114
13.000000,0.935873
18.000000,19.145880
27.000000,23.963847
26.000000,29.460619
32.000000,30.648604
25.000000,35.311295
32.000000,26.585042
36.000000,34.828566
58.000000,43.346397
66.000000,56.057785
37.000000,61.008407
26.000000,40.708400
30.000000,25.908609
25.000000,28.018777
23.000000,23.319286
25.000000,17.688374
23.000000,28.733958
24.000000,34.435121
25.000000,35.470882
26.000000,23.048033
17.000000,25.837764
14.000000,7.342871
12.000000,6.085959
23.000000,8.634181
6.000000,34.072318
16.000000,25.843595
14.000000,33.609055
15.000000,14.542938
19.000000,7.899304
25.000000,17.980429
32.000000,27.829122
37.000000,34.134904
24.000000,41.005588
12.000000,35.005166
25.000000,22.491459
27.000000,27.073920
21.000000,27.720979
29.000000,17.744447
31.000000,27.829537
25.000000,30.759139
29.000000,29.441934
33.000000,39.429439
28.000000,42.020953
27.000000,30.295969
24.000000,25.546391
22.000000,24.601711
22.000000,18.464078
14.000000,19.799114
13.000000,16.433528
19.000000,27.815506
16.000000,32.023754
17.000000,6.622402
14.000000,4.505872
18.000000,0.000000
18.000000,5.600185
21.000000,6.349545
34.000000,22.036459
30.000000,40.582642
37.000000,39.221461
28.000000,37.144232
26.000000,24.505583
32.000000,23.039250
31.000000,31.513503
26.000000,33.715510
48.000000,30.766388
61.000000,49.343369
56.000000,55.431138
47.000000,52.946532
47.000000,45.927191
44.000000,45.448082
42.000000,44.740567
49.000000,43.294603
56.000000,47.810129
57.000000,56.673354
54.000000,59.359179
57.000000,56.622059
39.000000,55.763743
41.000000,43.168684
34.000000,45.038295
31.000000,38.397674
41.000000,32.635019
44.000000,50.811453
59.000000,54.430291
54.000000,60.967889
62.000000,57.729924
51.000000,58.346224
44.000000,53.270567
57.000000,47.784319
52.000000,55.574479
35.000000,55.990580
29.000000,48.236263
29.000000,45.121129
36.000000,43.304902
36.000000,47.235419
30.000000,42.932161
35.000000,30.484186
34.000000,42.412717
41.000000,44.564942
37.000000,49.117563
49.000000,46.527999
44.000000,53.114383
41.000000,51.923603
29.000000,47.740148
37.000000,34.322908
29.000000,47.161923
30.000000,39.839933
31.000000,39.064736
33.000000,40.000867
32.000000,42.701818
32.000000,42.247384
36.000000,38.849454
41.000000,39.954887
45.000000,47.918387
47.000000,48.721164
44.000000,50.550139
41.000000,48.614529
37.000000,47.868288
35.000000,45.074572
42.000000,40.582127
35.000000,45.435706
37.000000,42.067227
34.000000,38.460657
39.000000,35.660507
31.000000,41.903968
35.000000,32.738001
37.000000,38.602455
33.000000,37.730880
30.000000,33.845715
33.000000,34.190709
38.000000,34.492801
40.000000,40.416013
38.000000,42.833161
34.000000,39.320574
30.000000,35.506166
24.000000,27.411632
15.000000,16.813046
26.000000,4.861667
32.000000,21.999728
29.000000,30.331764
27.000000,28.624513
32.000000,26.153250
32.000000,32.778538
36.000000,30.858845
32.000000,36.488199
31.000000,35.715734
17.000000,31.157998
29.000000,6.375151
28.000000,30.316156
26.000000,28.701482
29.000000,23.496067
29.000000,23.804133
35.000000,25.716793
33.000000,35.786476
32.000000,33.010552
47.000000,33.787602
35.000000,47.901568
29.000000,35.592968
32.000000,25.911867
32.000000,30.207167
37.000000,33.224203
38.000000,38.782245
38.000000,38.927885
39.000000,38.272587
37.000000,41.314269
43.000000,37.021599
41.000000,42.743916
45.000000,40.611991
44.000000,45.316028
48.000000,45.196849
42.000000,49.129557
49.000000,44.995089
52.000000,51.609277
44.000000,52.438448
56.000000,45.507970
61.000000,55.478961
62.000000,59.687311
80.000000,60.387875
95.000000,73.402906
71.000000,81.622840
59.000000,68.789628
49.000000,59.923148
37.000000,51.530666
48.000000,41.488991
38.000000,54.492311
48.000000,47.419619
43.000000,58.819247
36.000000,58.928803
26.000000,45.453540
21.000000,32.839294
22.000000,14.985800
22.000000,22.953098
19.000000,29.528508
16.000000,30.129873
22.000000,33.481111
30.000000,45.000516
39.000000,38.736136
53.000000,45.125555
102.000000,53.339315
84.000000,82.848983
89.000000,71.773275
87.000000,72.313168
64.000000,72.489505
58.000000,59.993276
72.000000,57.064472
121.000000,66.233478
132.000000,105.136943
129.000000,118.621781
110.000000,120.712145
102.000000,101.082423
78.000000,93.340869
65.000000,71.368921
48.000000,65.167671
48.000000,56.439411
48.000000,66.405319
41.000000,71.119040
35.000000,66.856671
42.000000,61.439792
41.000000,62.933079
29.000000,56.650348
30.000000,37.304328
27.000000,39.133289
36.000000,51.277536
39.000000,57.475909
44.000000,56.716100
44.000000,56.383641
44.000000,56.072274
50.000000,52.781428
46.000000,51.819819
53.000000,47.218787
46.000000,56.103161
48.000000,54.623314
50.000000,54.913705
56.000000,55.345483
53.000000,58.242230
49.000000,54.808548
46.000000,49.949722
46.000000,48.412576
51.000000,54.221648
50.000000,56.207308
48.000000,56.402699
50.000000,56.058627
46.000000,57.982695
46.000000,54.672176
40.000000,52.031196
53.000000,47.493912
46.000000,58.433410
51.000000,55.476666
55.000000,57.831486
55.000000,59.486484
62.000000,60.302491
52.000000,63.408117
41.000000,55.242000
42.000000,45.764652
41.000000,53.619553
38.000000,53.206896
26.000000,52.095617
17.000000,44.081801
13.000000,34.514343
11.000000,11.697574
11.000000,0.970380
14.000000,1.408961
10.000000,34.365426
7.000000,41.808725
12.000000,36.931221
19.000000,34.290712
16.000000,34.170502
19.000000,21.337059
19.000000,25.948986
20.000000,28.533882
22.000000,42.483781
20.000000,43.671963
30.000000,42.625905
43.000000,44.313372
40.000000,49.314663
42.000000,45.557400
19.000000,45.968780
17.000000,18.782065
21.000000,22.563135
24.000000,23.919733
14.000000,30.041905
28.000000,18.587675
30.000000,35.763338
22.000000,39.662009
27.000000,31.856147
20.000000,32.829546
19.000000,30.341696
7.000000,25.658347
7.000000,13.071274
5.000000,15.109689
15.000000,10.642175
23.000000,26.175518
32.000000,31.317263
25.000000,33.266583
25.000000,28.947643
36.000000,27.519425
20.000000,40.911692
23.000000,25.529799
24.000000,31.589635
31.000000,31.625324
23.000000,33.946989
16.000000,17.828683
13.000000,11.222356
25.000000,2.090574
28.000000,26.678590
28.000000,33.259236
37.000000,34.345803
31.000000,42.539534
27.000000,36.671425
30.000000,27.487414
28.000000,32.824908
24.000000,31.217887
35.000000,31.457841
33.000000,39.118223
31.000000,39.219423
53.000000,38.216222
17.000000,52.622494
18.500000,8.356634
20.000000,8.858655
11.000000,13.715971
29.000000,3.166531
20.500000,32.284875
12.000000,21.576294
31.000000,11.381173
28.000000,39.141438
35.000000,34.220177
29.000000,39.783527
37.000000,35.477495
35.000000,42.110525
35.000000,41.354830
40.000000,39.533298
38.000000,42.695141
36.000000,44.937703
33.000000,37.130397
35.000000,34.546916
37.000000,35.949413
38.000000,41.175421
35.000000,42.443273
32.000000,37.390020
29.500000,32.515732
27.000000,30.298492
51.000000,26.842289
42.000000,51.107916
39.000000,44.647958
44.000000,44.724308
21.000000,48.806735
28.000000,25.160398
32.000000,33.935559
31.000000,38.630186
31.000000,30.639023
28.000000,36.559378
28.000000,32.094913
21.000000,35.420704
34.000000,28.869872
38.000000,40.286161
37.000000,41.459811
37.000000,40.684533
44.000000,36.895574
39.000000,48.918948
32.000000,43.352391
40.000000,35.396897
41.000000,43.865675
42.000000,42.075509
36.000000,45.016899
43.000000,38.118769
38.000000,45.888467
41.000000,44.418759
48.000000,45.524460
48.000000,49.744638
55.000000,49.235959
56.000000,55.065540
48.000000,56.611862
51.000000,49.809091
43.000000,52.946155
48.000000,48.310318
52.000000,51.253434
56.000000,54.637982
61.000000,57.821297
55.000000,61.690910
41.000000,58.545120
49.000000,43.566446
48.000000,53.661897
40.000000,51.732309
45.000000,45.551426
41.000000,52.092530
40.000000,47.840635
45.000000,50.296548
42.000000,53.289854
42.000000,45.736769
41.000000,47.813394
54.000000,44.143038
47.000000,55.555739
51.000000,50.569471
48.000000,54.043512
49.000000,53.070305
39.000000,52.756961
47.000000,41.224491
35.000000,50.665614
35.000000,36.190869
37.000000,37.313880
36.000000,39.775430
41.000000,39.441737
27.000000,46.553435
32.000000,28.599920
40.000000,33.822538
38.000000,43.677832
37.000000,38.283836
26.000000,40.399062
34.000000,27.663738
23.000000,38.976942
18.000000,28.724890
22.000000,19.262488
26.000000,17.584538
23.000000,23.951243
32.000000,17.637419
37.000000,32.138121
31.000000,39.956551
41.000000,34.005448
40.000000,42.609533
39.000000,41.896922
31.000000,40.135932
32.000000,29.251285
30.000000,32.612063
36.000000,29.228867
47.000000,36.938914
41.000000,47.095754
38.000000,41.703718
37.000000,41.631397
34.000000,37.661329
35.000000,32.892325
41.000000,34.121232
36.000000,42.192859
26.000000,37.415380
30.000000,22.734389
37.000000,32.717846
30.000000,42.621982
22.000000,29.591337
31.000000,17.958546
32.000000,30.296253
27.000000,30.869194
21.000000,22.048396
29.000000,19.763565
43.000000,29.849659
42.000000,45.885043
40.000000,42.590162
35.000000,41.318356
34.000000,34.144172
33.000000,35.155134
29.000000,32.232495
39.000000,27.656269
34.000000,39.733572
36.000000,36.668388
34.000000,36.017302
30.000000,31.981251
33.000000,24.624686
41.000000,30.712236
41.000000,41.471313
29.000000,42.714018
31.000000,28.250552
42.000000,34.820207
30.000000,45.258232
31.000000,30.278530
27.000000,29.841063
24.000000,22.619730
27.000000,17.306486
34.000000,24.979051
38.000000,35.471050
38.000000,41.366497
32.000000,40.457996
31.000000,29.527586
26.000000,27.838306
27.000000,20.680072
34.000000,26.450091
40.000000,35.424512
42.000000,41.223555
37.000000,45.313098
33.000000,40.634560
30.000000,33.515687
30.000000,28.960983
34.000000,26.704980
40.000000,31.402799
24.000000,41.230225
23.000000,16.521347
22.000000,14.962930
31.000000,13.144743
43.000000,30.763956
44.000000,43.215190
39.000000,44.319831
33.000000,40.208286
34.000000,35.338015
29.000000,34.705376
34.000000,27.642336
25.000000,35.215788
32.000000,18.840063
34.000000,28.819870
34.000000,32.243055
37.000000,33.940324
41.000000,40.558134
41.000000,41.299831
36.000000,41.000455
41.000000,36.269033
33.000000,42.267912
30.000000,33.875427
30.000000,29.300069
35.000000,28.977183
37.000000,37.136047
33.000000,39.748219
36.000000,33.687692
34.000000,37.015557
36.000000,31.328254
36.000000,35.118423
39.000000,36.001213
43.000000,40.082174
58.000000,45.279819
65.000000,57.416389
69.000000,61.053943
59.000000,64.011709
54.000000,57.207789
51.000000,53.900798
44.000000,51.685062
51.000000,45.848842
49.000000,52.614953
44.000000,53.637481
43.000000,50.624614
79.000000,50.770765
77.000000,73.181700
70.000000,71.815753
58.000000,66.327052
46.000000,58.104185
82.000000,50.254618
87.000000,76.959084
63.000000,79.415507
53.000000,63.968368
51.000000,62.588696
54.000000,60.400625
63.000000,60.882944
76.000000,64.219194
94.000000,72.554995
112.000000,91.896699
118.000000,106.141396
85.000000,108.820731
32.000000,80.903378
18.000000,42.098510
11.000000,25.779082
25.000000,12.156770
37.000000,32.557791
35.000000,56.119515
29.000000,61.400432
32.000000,57.832237
31.000000,47.446630
32.000000,35.517941
30.000000,38.529758
27.000000,39.085514
37.000000,36.031489
25.000000,45.280328
28.000000,46.198071
29.000000,48.210016
18.000000,38.824058
15.000000,26.592321
14.000000,25.192581
15.000000,22.428624
8.000000,20.177417
14.000000,12.242698
8.000000,34.581257
11.000000,33.227435
12.000000,20.265182
13.000000,27.509363
13.000000,30.784727
18.000000,31.228684
13.000000,32.296415
18.000000,32.851088
19.000000,39.454863
19.000000,39.799960
15.000000,34.656703
17.000000,30.374671
16.000000,30.447422
16.000000,28.681945
22.000000,30.861858
20.000000,40.582041
15.000000,42.075982
11.000000,40.808076
13.000000,35.238224
13.000000,29.216853
15.000000,27.072811
14.000000,27.771688
13.000000,28.173647
16.000000,38.916981
37.000000,41.193501
27.000000,46.250875
27.000000,42.372299
23.000000,37.104093
26.000000,33.505746
17.000000,36.112144
26.000000,29.832594
28.000000,43.043082
28.000000,44.401961
25.000000,46.159359
26.000000,39.138324
21.000000,22.977453
21.500000,18.613729
22.000000,25.504863
32.000000,30.397133
29.000000,43.420439
28.000000,44.728068
32.000000,46.040822
39.000000,42.284281
41.000000,40.886048
43.000000,43.053436
43.000000,45.004531
36.000000,43.262757
40.000000,39.792791
42.000000,41.602033
36.000000,43.982938
37.000000,37.511554
37.000000,40.176199
36.000000,40.150046
42.000000,39.690662
46.000000,44.949912
49.000000,48.177997
43.000000,49.937369
36.000000,47.340867
38.000000,40.487767
26.000000,44.604591
23.000000,35.325965
24.000000,33.241636
22.000000,33.533336
20.000000,32.644299
21.000000,28.012003
21.000000,32.570145
18.000000,28.172715
21.000000,25.332391
23.000000,28.266423
21.000000,30.497010
14.000000,29.161169
22.000000,23.686003
24.000000,31.525498
27.000000,29.950618
13.000000,32.411083
19.000000,19.897643
19.000000,24.148110
22.000000,23.314950
31.000000,30.040461
29.000000,36.220368
22.000000,34.122759
25.000000,24.306144
27.000000,28.023391
29.000000,32.857709
29.000000,34.921656
23.000000,34.559324
28.000000,30.908397
32.000000,34.126383
31.000000,38.429593
27.000000,33.220463
28.000000,26.194543
29.000000,28.945807
30.000000,29.026962
31.000000,29.110079
49.000000,34.732435
43.000000,49.571259
47.000000,45.360649
37.000000,47.303359
34.000000,36.792005
37.000000,36.029360
37.000000,38.751639
43.000000,38.917100
42.000000,44.086452
41.000000,45.023389
34.000000,43.879485
35.000000,36.491306
32.000000,33.461633
33.000000,29.191881
34.000000,29.984676
40.000000,32.034584
36.000000,41.902693
34.000000,42.690433
16.000000,37.904140
17.000000,8.451377
15.000000,1.420735
20.000000,1.800995
35.000000,10.908989
34.000000,36.257756
30.000000,36.831008
29.000000,34.952046
27.000000,30.943306
31.000000,28.814139
22.000000,31.466583
21.000000,22.778164
24.000000,19.142396
20.000000,22.597055
23.000000,19.107318
37.000000,29.810976
40.000000,41.377545
31.000000,43.113090
29.000000,31.405571
32.000000,32.160209
33.000000,34.051744
25.000000,36.202237
18.000000,29.908241
22.000000,23.937025
19.000000,20.196302
19.000000,19.646651
26.000000,14.407657
28.000000,29.484575
21.000000,28.613363
9.000000,15.467649
12.000000,0.000000
12.000000,4.186957
8.000000,1.352367
10.000000,0.917855
15.000000,0.000000
19.000000,0.000000
19.000000,7.415798
18.000000,12.492643
16.000000,21.543290
21.000000,15.017185
22.000000,17.403662
33.000000,23.248475
22.000000,34.453157
22.000000,17.271274
21.000000,13.994239
20.000000,11.051086
19.000000,14.422075
31.000000,13.216776
38.000000,30.433461
43.000000,40.160210
48.000000,43.550280
50.000000,46.321534
48.000000,47.904183
47.000000,46.438472
39.000000,46.055387
38.000000,39.007678
42.000000,38.610985
39.000000,44.841525
26.000000,43.103191
28.000000,27.134376
26.000000,28.742759
24.000000,21.588992
27.000000,19.812653
37.000000,23.399565
42.000000,37.608645
45.000000,46.927344
49.000000,49.022280
57.000000,50.534888
54.000000,55.126752
55.000000,53.167382
35.000000,52.964973
30.000000,38.998292
26.000000,31.423217
25.000000,31.033710
26.000000,28.704034
31.000000,27.931923
44.000000,37.568044
71.000000,49.081239
85.000000,63.717357
74.000000,66.438298
85.000000,63.501681
92.000000,68.942665
92.000000,73.281638
84.000000,72.988125
62.000000,71.339885
69.000000,61.313784
75.000000,67.685912
78.000000,70.230052
80.000000,71.695260
84.000000,73.826142
88.000000,77.756393
80.000000,80.347150
74.000000,76.674587
79.000000,70.653524
75.000000,74.735548
74.000000,73.155535
73.000000,73.685972
74.000000,73.754840
74.000000,75.774979
84.000000,75.837471
69.000000,81.379601
71.000000,71.277487
69.000000,73.843411
61.000000,71.953001
60.000000,68.190238
58.000000,67.666426
51.000000,67.065204
44.000000,63.554871
40.000000,59.399605
45.000000,50.091625
44.000000,54.687927
54.000000,55.752288
53.000000,59.483198
44.000000,58.107451
46.000000,51.530385
43.000000,54.299525
44.000000,49.707569
61.000000,44.841165
54.000000,62.175967
42.000000,57.768628
50.000000,44.999404
54.000000,53.986281
53.000000,57.231543
61.000000,56.826584
47.000000,60.768898
43.000000,44.909927
45.000000,40.465194
48.000000,48.341315
50.000000,48.921343
61.000000,53.159927
72.000000,62.827954
71.000000,70.441133
76.000000,71.287033
73.000000,74.693443
87.000000,71.488139
77.000000,82.356337
71.000000,73.768525
68.000000,68.899735
73.000000,68.359335
69.000000,73.752075
68.000000,71.645411
52.000000,71.611876
59.000000,53.788703
57.000000,66.669555
67.000000,61.155225
69.000000,70.740073
70.000000,73.109563
74.000000,75.179271
80.000000,77.654170
76.000000,83.341868
84.000000,76.780882
80.000000,85.940796
94.000000,82.525303
92.000000,98.876062
84.000000,96.554406
93.000000,88.258056
92.000000,96.876076
90.000000,97.143290
100.000000,94.747299
87.000000,104.880370
82.000000,92.260327
89.000000,89.766705
87.000000,96.564900
82.000000,93.353296
80.000000,89.107609
83.000000,86.863443
88.000000,89.428216
85.000000,93.581320
95.000000,91.069839
100.000000,100.038561
90.000000,105.388897
82.000000,95.457713
80.000000,86.833915
69.000000,84.393343
91.000000,76.138064
88.000000,93.586816
105.000000,92.896224
97.000000,108.391979
47.000000,100.480164
87.000000,56.048812
114.000000,90.101552
90.000000,113.821300
84.000000,91.682064
90.000000,87.082465
82.000000,92.697957
64.000000,88.102671
56.000000,75.259267
49.000000,56.833063
48.000000,57.251794
50.000000,66.263988
56.000000,57.593575
38.000000,66.707684
34.000000,49.416693
39.000000,53.293915
41.000000,51.602826
41.000000,40.059232
42.000000,45.137527
47.000000,55.290970
45.000000,52.071902
47.000000,56.221829
48.000000,52.959248
47.000000,55.154902
44.000000,52.951504
22.000000,46.370100
26.000000,21.778765
25.000000,38.031328
18.000000,19.118545
18.000000,27.383586
20.000000,21.268621
15.000000,37.334511
18.000000,32.878378
16.000000,22.626790
19.000000,29.141185
14.000000,38.380362
28.000000,22.506531
31.000000,41.773699
28.000000,42.595950
28.000000,45.145416
27.500000,44.289230
27.000000,38.351816
26.000000,42.326259
27.000000,44.002992
31.000000,41.049905
36.000000,45.375537
18.000000,47.304004
25.000000,41.163194
16.000000,43.242025
8.000000,34.248507
10.000000,35.577313
7.000000,39.076788
7.000000,34.042294
13.000000,35.436916
17.000000,38.022918
16.000000,41.363519
21.000000,41.008199
16.000000,37.806279
9.000000,38.666667
9.750000,38.738276
10.500000,35.598720
11.250000,37.201293
12.000000,37.448021
18.000000,39.406407
12.000000,38.867138
12.000000,6.233548
14.000000,28.459171
20.000000,38.748570
25.000000,36.539240
27.000000,38.215314
24.000000,39.623872
17.000000,35.705277
27.000000,17.344948
17.000000,30.444453
31.000000,19.292744
32.000000,33.836472
33.000000,36.197771
35.000000,37.775845
35.000000,38.126467
34.000000,36.225378
35.000000,36.352387
28.000000,35.083909
34.000000,29.558950
29.000000,35.521959
27.000000,31.580631
28.000000,27.744609
33.000000,28.868773
40.000000,34.036186
45.000000,40.704658
51.000000,46.200381
55.000000,48.628727
66.000000,52.316547
63.000000,56.484666
54.000000,55.571301
47.000000,52.054101
49.000000,48.356665
47.000000,50.545909
54.000000,50.193128
44.000000,54.240141
62.000000,50.557612
66.000000,60.646528
55.000000,62.701569
50.000000,56.384245
55.000000,52.378330
53.000000,56.231909
57.000000,55.544577
50.000000,58.519033
48.000000,54.811650
49.000000,57.704060
45.000000,58.607971
52.000000,53.900636
54.000000,56.012969
60.000000,58.197074
57.000000,60.947411
55.000000,60.107650
57.000000,57.949651
66.000000,60.120787
65.000000,64.481412
54.000000,63.035438
51.000000,58.296082
48.000000,57.618886
52.000000,56.668822
56.000000,58.992783
57.000000,59.947570
62.000000,60.962030
61.000000,65.121581
63.000000,64.070209
52.000000,63.965615
53.000000,57.466695
51.000000,57.719253
53.000000,57.592121
53.000000,58.298074
52.000000,58.231802
53.000000,58.371128
51.000000,58.818408
57.000000,56.447980
66.000000,59.381876
70.000000,66.147492
52.000000,68.848402
56.000000,53.442688
57.000000,57.819703
52.000000,58.903967
58.000000,54.242055
54.000000,59.396520
52.000000,54.333156
43.000000,52.810472
31.000000,41.361882
23.000000,17.108248
22.000000,0.000000
14.000000,0.000000
23.000000,0.000000
22.000000,3.262862
17.000000,0.000000
19.000000,0.000000
16.000000,0.000000
29.000000,0.000000
24.000000,19.048637
19.000000,11.857765
16.000000,15.142747
15.000000,1.698361
21.000000,0.000000
18.000000,12.089415
20.000000,6.706174
19.000000,19.581251
20.000000,15.035570
21.000000,21.912830
17.000000,28.683309
17.000000,20.111818
15.000000,19.931721
20.000000,19.018528
20.000000,26.597611
27.000000,26.981111
24.000000,33.742994
23.000000,33.420686
9.000000,35.601576
11.000000,23.823173
4.000000,23.868513
6.000000,23.745817
5.000000,23.063389
5.000000,12.237058
7.000000,7.367724
14.000000,19.897875
18.000000,27.377105
22.000000,32.910791
21.000000,33.202343
10.000000,34.785155
26.000000,26.489117
17.000000,33.793470
25.000000,27.377516
25.000000,34.431562
24.000000,32.658756
23.000000,32.963804
26.000000,29.327967
18.000000,36.101157
16.000000,30.152370
9.000000,12.551844
4.000000,5.519619
8.000000,0.000000
10.000000,0.000000
8.000000,11.106153
6.000000,7.023763
6.000000,13.915165
2.000000,14.877260
5.000000,0.000000
8.000000,6.450795
9.000000,14.476230
8.000000,10.691910
17.000000,8.802661
26.000000,20.048751
17.000000,32.127661
5.000000,23.023010
5.000000,7.621706
8.000000,8.492470
12.000000,9.516038
14.000000,16.727434
27.000000,19.813650
22.000000,31.386048
23.000000,27.643029
26.000000,29.723025
24.000000,34.686221
12.000000,31.890755
13.000000,22.456662
5.000000,19.366589
6.000000,15.248264
7.000000,9.658874
11.000000,16.697838
15.000000,21.198810
17.000000,25.862615
17.000000,27.542346
15.000000,27.856289
20.000000,21.360407
19.000000,31.271139
18.000000,28.459622
13.000000,28.910767
9.000000,25.054958
11.000000,22.497490
17.000000,23.861386
14.000000,27.603058
12.000000,19.860951
17.000000,22.056606
29.000000,22.574217
12.000000,36.816767
13.000000,25.939081
10.000000,27.930348
30.000000,27.157982
31.000000,39.112086
26.000000,37.882075
9.000000,35.201720
10.000000,15.695864
3.000000,12.164706
5.000000,17.843377
9.000000,17.957605
13.000000,25.149146
6.000000,22.042498
10.000000,8.715139
19.000000,15.319495
26.000000,26.888371
39.000000,32.947679
39.000000,41.474635
42.000000,42.207086
41.000000,43.460613
41.000000,44.669903
57.000000,43.945718
72.000000,49.318842
79.000000,54.719456
89.000000,59.061277
87.000000,62.690552
89.000000,61.471923
100.000000,63.239623
97.000000,69.603994
92.000000,67.584494
90.000000,68.095197
91.000000,71.117478
90.000000,74.687837
88.000000,74.460583
86.000000,72.769287
78.000000,72.787307
70.000000,71.865085
74.000000,67.843055
74.000000,70.014567
58.000000,71.612654
47.000000,66.341696
44.000000,62.647969
39.000000,61.377266
40.000000,59.642857
54.000000,59.647171
82.000000,63.122202
73.000000,75.135697
58.000000,71.309018
62.000000,63.625613
59.000000,62.972875
55.000000,61.470482
56.000000,59.416441
64.000000,60.238232
62.000000,64.806035
57.000000,68.669979
57.000000,65.065974
59.000000,62.129369
55.000000,62.200817
53.000000,59.967135
48.000000,58.394215
42.000000,56.476212
43.000000,55.673763
47.000000,57.503095
41.000000,58.224863
48.000000,53.874148
39.000000,57.982873
34.000000,53.500745
37.000000,50.924232
51.000000,50.903586
67.000000,57.417667
70.000000,65.767572
75.000000,67.076112
66.000000,69.170214
69.000000,65.031504
52.000000,65.142562
62.000000,55.539919
65.000000,60.868201
92.000000,64.036663
77.000000,84.391860
78.000000,75.940953
80.000000,77.699889
44.000000,79.017040
21.000000,46.524964
23.000000,21.747042
11.000000,27.776716
15.000000,2.120177
9.000000,25.541489
6.000000,2.114090
12.000000,7.730951
17.000000,17.652264
22.000000,21.014938
28.000000,35.164472
25.000000,40.964132
27.000000,37.297582
27.000000,41.106059
23.000000,36.702080
24.000000,36.679952
26.000000,35.022174
23.000000,34.290860
22.000000,35.221002
24.000000,29.104663
26.000000,31.569511
25.000000,35.460083
27.000000,33.479078
26.000000,36.393667
24.000000,31.401085
21.000000,28.895472
26.000000,26.869759
32.000000,33.022882
31.000000,41.803513
26.000000,44.423473
27.000000,41.362331
23.000000,42.498517
23.000000,38.502307
24.000000,34.832464
34.000000,28.487230
25.000000,39.658946
32.000000,36.231210
26.000000,46.064780
24.000000,41.658196
25.000000,42.114371
21.000000,41.179240
16.000000,28.803633
26.000000,6.207598
32.000000,27.628604
33.000000,39.288273
28.000000,45.905245
27.000000,41.749871
39.000000,42.299997
28.000000,47.026230
30.000000,34.851551
27.000000,32.159420
26.000000,30.563740
19.000000,32.723324
27.000000,39.482006
33.000000,41.385798
30.000000,45.360641
26.000000,43.833232
37.000000,30.071142
35.000000,36.853234
33.000000,36.451426
14.000000,38.783435
6.000000,32.897146
10.000000,11.923032
14.000000,20.472297
14.000000,26.616872
12.000000,0.000000
22.000000,0.944227
27.000000,16.399371
25.000000,29.200947
23.000000,27.588903
25.000000,30.232703
28.000000,33.168904
26.000000,32.929468
27.000000,27.672319
17.000000,30.996852
9.000000,8.559792
16.000000,0.000000
15.000000,4.813788
12.000000,2.467332
12.666667,0.000000
13.333333,0.000000
14.000000,0.000000
13.000000,3.349307
13.000000,0.000000
19.000000,7.007576
28.000000,15.240447
29.000000,31.737956
29.000000,32.891802
27.000000,33.222019
30.000000,30.039557
20.000000,36.077437
22.000000,17.898082
13.000000,19.126074
13.000000,0.000000
13.000000,0.000000
14.000000,0.000000
17.000000,0.000000
10.000000,5.442707
11.000000,0.000000
2.000000,0.000000
4.000000,0.000000
13.000000,0.000000
10.000000,13.208822
16.000000,9.148677
12.000000,16.389644
6.000000,8.832352
20.000000,9.320846
15.000000,19.683106
8.000000,18.316288
15.000000,9.247271
9.000000,15.398854
9.000000,5.792377
12.000000,0.000000
8.000000,5.542514
19.000000,6.116100
16.000000,13.856093
8.000000,16.124032
14.000000,15.901129
15.000000,19.346475
4.000000,21.097976
3.000000,2.567969
7.000000,0.000000
8.000000,12.392458
3.000000,0.000000
5.000000,7.059741
5.000000,18.022649
6.000000,14.890065
9.000000,15.871580
11.000000,19.325678
11.000000,22.175617
7.000000,24.421037
10.000000,10.476188
6.000000,22.583811
3.000000,18.392144
5.000000,7.052661
3.000000,13.082062
8.000000,8.331413
2.000000,12.367082
7.000000,9.053349
13.000000,16.039137
9.000000,27.979219
9.000000,25.945098
4.000000,21.899217
5.000000,18.984841
7.000000,22.228620
6.000000,21.171845
3.000000,24.818148
10.000000,17.547969
5.000000,26.642560
5.000000,24.979064
2.000000,17.462522
9.000000,18.822584
5.000000,23.113029
5.000000,17.041201
14.000000,22.865057
12.000000,27.208164
19.000000,26.602371
20.000000,34.762525
23.000000,33.554112
18.000000,35.664351
9.000000,33.188707
5.000000,27.032750
15.000000,29.041260
23.000000,28.489083
22.000000,35.834570
22.000000,36.610116
18.000000,33.917624
18.000000,33.412139
20.000000,33.359062
18.000000,34.508969
22.000000,34.870058
27.000000,33.507297
69.000000,36.564668
87.000000,53.334753
94.000000,59.438593
78.000000,60.785643
70.000000,55.348882
56.000000,52.703729
63.000000,48.008943
71.000000,51.826639
70.000000,55.866925
61.000000,61.249649
69.000000,60.819538
82.000000,64.129219
76.000000,66.131786
93.000000,62.727232
101.000000,66.114421
79.000000,72.027079
71.000000,66.048707
56.000000,65.828248
60.000000,60.161124
51.000000,62.706517
43.000000,60.870503
38.000000,56.965259
40.000000,56.464094
31.000000,59.077173
39.000000,53.919652
32.000000,56.694310
33.000000,52.180145
36.000000,53.671463
45.000000,53.876877
44.000000,55.063350
51.000000,54.379030
36.000000,57.927763
24.000000,51.093173
34.000000,47.423174
37.000000,49.214267
33.000000,50.694680
33.000000,49.434557
39.000000,49.904279
44.000000,51.748696
44.000000,54.707241
38.000000,51.879373
27.000000,48.438891
29.000000,45.163115
34.000000,46.844251
36.000000,47.849535
33.000000,49.026770
33.000000,48.833225
33.000000,49.335526
30.000000,47.559854
26.000000,43.202336
30.000000,41.763417
34.000000,44.831199
35.000000,46.715517
31.000000,46.954267
30.000000,46.717906
56.000000,45.937042
54.000000,57.220028
58.000000,54.952334
56.000000,56.129689
41.000000,55.698098
32.000000,47.999154
37.000000,39.816877
46.000000,45.762536
42.000000,50.379660
39.000000,48.706890
28.000000,46.717431
38.000000,42.346480
44.000000,49.695355
20.000000,50.055281
14.000000,26.284884
28.000000,26.808154
13.000000,39.328776
14.000000,21.937826
9.000000,24.213717
13.000000,15.556063
7.000000,19.689491
12.000000,11.833823
9.000000,15.565111
13.000000,29.088489
16.000000,34.785820
18.000000,29.102138
13.000000,27.017237
12.000000,14.655625
14.000000,13.094363
11.000000,15.744110
6.000000,0.000000
12.000000,0.000000
12.000000,5.104999
15.000000,15.981672
17.000000,16.075459
14.000000,24.821012
13.000000,19.240844
11.000000,8.627469
20.000000,1.502841
23.000000,23.980535
16.000000,26.039019
17.000000,25.829292
18.000000,25.188466
28.000000,25.890317
22.000000,35.107897
21.000000,28.977126
26.000000,20.686641
27.000000,26.989654
38.000000,27.989886
37.000000,41.231821
24.000000,39.503445
23.000000,29.468776
24.000000,26.290530
23.000000,25.321402
22.000000,20.192181
26.000000,21.929665
23.000000,24.565467
22.000000,26.585438
19.000000,22.331305
13.000000,23.447093
12.000000,13.619983
8.000000,5.987390
9.000000,0.000000
8.000000,2.987895
7.000000,0.000000
6.000000,5.702241
10.000000,0.000000
12.000000,8.763473
9.000000,10.523078
13.000000,9.357784
10.000000,16.882554
9.000000,15.470791
4.000000,5.582021
1.000000,2.253454
2.000000,0.000000
1.000000,1.519180
11.000000,0.000000
9.000000,15.890622
15.000000,16.333921
8.000000,27.529385
21.000000,10.338311
13.000000,32.636958
16.000000,26.681621
19.000000,28.929296
15.000000,31.201902
13.000000,28.094280
16.000000,27.046344
19.000000,28.532275
9.000000,29.717791
20.000000,19.407076
14.000000,30.368286
15.419355,23.110859
16.838710,23.647775
18.258065,25.257468
19.677419,28.549337
21.096774,29.166861
22.516129,27.907116
23.935484,33.069550
25.354839,32.697959
26.774194,33.288591
28.193548,34.896465
29.612903,34.537468
31.032258,36.577181
32.451613,34.790374
33.870968,36.640430
35.290323,38.288974
36.709677,40.362327
38.129032,40.393073
39.548387,40.880078
40.967742,42.283605
42.387097,43.782253
43.806452,44.394679
45.225806,45.610966
46.645161,47.191440
48.064516,48.185626
49.483871,49.106742
50.903226,50.173763
52.322581,51.031828
53.741935,52.002068
55.161290,53.083168
56.580645,54.104427
58.000000,54.992655
70.000000,55.949587
75.000000,60.931625
97.000000,63.209466
85.000000,73.402739
83.000000,68.212452
82.000000,68.339942
85.000000,67.982992
95.000000,69.451938
97.000000,74.440219
86.000000,77.990522
82.000000,74.099859
91.000000,75.756412
84.000000,79.185089
71.000000,76.224611
79.000000,69.787725
69.000000,73.971797
76.000000,70.841006
96.000000,75.125458
90.000000,84.696915
67.000000,82.531661
58.000000,72.015835
45.000000,67.501722
45.000000,59.613638
27.000000,61.241924
25.000000,52.282904
27.000000,53.197687
32.000000,56.144785
28.000000,57.634706
36.000000,51.763102
41.000000,52.446599
39.000000,51.377098
32.000000,52.072917
26.000000,45.460597
24.000000,43.884708
23.000000,44.306141
24.000000,43.503527
21.000000,38.925327
25.000000,31.719157
24.000000,31.219128
24.000000,30.636595
28.000000,36.470107
27.000000,40.204746
28.000000,39.957118
26.000000,41.393323
25.000000,37.377742
20.000000,33.529998
23.000000,26.244151
28.000000,30.848772
23.000000,40.843202
31.000000,39.780223
31.000000,43.525949
31.000000,43.770136
27.000000,42.722804
44.000000,38.261792
33.000000,47.020812
48.000000,41.213868
42.000000,51.877279
43.000000,49.203986
47.000000,50.626041
35.000000,52.304792
33.000000,46.315440
26.000000,43.962332
10.000000,37.145011
19.000000,29.577449
13.000000,38.552243
13.000000,38.604002
17.000000,40.002159
14.000000,43.079889
16.000000,38.605089
25.000000,37.218300
32.000000,39.766983
44.000000,44.175480
41.000000,51.177363
40.000000,49.091754
36.000000,48.850873
28.000000,47.396876
31.000000,42.542962
41.000000,41.902091
45.000000,44.822024
44.000000,48.659893
41.000000,48.478525
41.000000,46.575080
40.000000,49.811539
38.000000,48.315663
37.000000,40.749889
42.000000,37.551140
32.000000,44.782184
35.000000,35.942200
31.000000,42.773576
32.000000,38.180117
26.000000,39.020818
39.000000,30.382883
34.000000,41.954982
37.000000,35.757213
36.000000,41.817345
35.000000,39.822247
35.000000,40.175983
34.000000,39.482903
27.000000,38.335046
33.000000,30.363476
40.000000,35.369888
38.000000,42.831399
38.000000,42.385252
40.000000,42.051216
45.000000,44.302478
47.000000,47.843709
46.000000,49.074481
38.000000,46.903185
38.000000,40.789134
39.000000,40.678776
42.000000,43.455849
39.000000,47.411816
30.000000,43.679209
24.000000,36.988617
21.000000,27.528015
28.000000,20.422172
21.000000,29.014853
18.000000,19.993336
13.000000,10.945825
16.000000,9.564953
14.000000,9.114992
17.000000,10.826955
15.000000,19.005816
16.000000,13.846357
25.000000,12.487766
22.000000,26.518155
21.000000,24.283062
25.000000,30.526245
26.000000,29.410213
19.000000,31.884257
12.000000,22.579910
12.000000,7.512909
9.000000,11.249940
8.000000,0.000000
12.000000,0.000000
12.000000,0.205428
8.000000,0.000000
4.000000,0.000000
4.000000,0.000000
7.000000,0.000000
5.000000,0.000000
6.000000,0.000000
4.000000,1.637591
3.000000,0.000000
8.000000,0.000000
7.000000,5.675984
3.000000,6.183815
8.000000,2.554699
8.000000,2.739802
4.000000,1.647618
9.000000,0.000000
5.000000,8.480350
5.000000,0.000000
6.000000,0.000000
2.000000,2.734320
7.000000,7.690194
11.000000,1.064964
7.000000,12.571532
7.000000,10.300828
5.000000,6.573668
2.000000,6.970727
7.000000,5.330427
7.000000,14.490873
11.000000,20.775205
9.000000,14.587297
20.000000,10.576512
27.000000,27.335953
25.000000,33.918395
13.000000,32.523203
33.000000,22.391762
34.000000,37.633816
30.000000,39.043176
22.000000,35.004224
38.000000,28.607164
30.000000,40.965929
25.000000,35.000916
27.000000,30.956910
22.000000,34.471321
20.000000,30.550965
21.000000,32.917774
16.000000,28.739378
17.000000,25.048863
13.000000,28.726098
26.000000,25.464431
22.000000,36.398762
24.000000,34.012270
20.000000,36.518831
21.000000,36.184758
29.000000,33.584162
31.000000,37.830100
39.000000,40.673319
48.000000,43.335408
40.000000,48.098033
45.000000,44.270038
52.000000,46.715208
47.000000,48.821387
55.000000,47.102497
52.000000,50.436515
53.000000,50.330059
46.000000,51.362215
20.000000,50.613170
13.000000,35.075695
12.000000,32.029084
18.000000,35.045659
13.000000,33.338372
14.000000,32.425508
9.000000,34.736269
9.000000,31.621937
7.000000,32.916741
5.000000,28.165108
7.000000,26.840116
7.000000,33.164254
5.000000,25.998555
6.000000,28.163765
4.000000,28.460255
6.000000,25.654675
6.000000,27.944164
9.000000,24.779943
14.000000,24.078432
15.000000,30.589206
15.000000,26.923269
20.000000,30.076001
21.000000,31.938433
18.000000,34.074929
15.000000,32.525163
32.000000,30.551296
43.000000,39.410430
38.000000,45.014478
41.000000,42.198241
47.000000,44.394645
56.000000,47.222667
71.000000,50.903718
56.000000,56.613650
72.000000,49.163591
104.000000,58.303819
121.000000,75.690483
120.000000,84.910877
133.000000,83.018783
134.000000,97.319857
109.000000,97.014212
97.000000,84.958697
98.000000,72.889601
91.000000,77.594116
90.000000,79.534452
95.000000,80.840726
108.000000,83.123001
98.000000,92.314966
88.000000,87.694264
84.000000,82.562464
84.000000,76.218982
84.000000,78.657595
84.000000,79.756559
76.000000,79.863779
82.000000,77.334546
91.000000,82.649246
82.000000,85.724379
99.000000,80.649887
104.000000,86.429301
96.000000,90.592090
94.000000,86.484205
83.000000,84.430875
81.000000,77.902851
63.000000,78.098832
60.000000,71.482744
47.000000,68.762996
41.000000,65.151650
50.000000,63.722141
58.000000,65.646558
50.000000,68.055247
60.000000,62.996102
60.000000,66.406289
56.000000,64.007518
56.000000,62.536689
63.000000,61.514198
59.000000,63.757587
57.000000,63.378004
61.000000,63.244741
64.000000,62.843152
54.000000,64.748787
47.000000,60.430226
49.000000,57.397338
37.000000,57.716853
52.000000,52.760840
47.000000,59.187319
49.000000,57.629665
63.000000,58.334450
68.000000,64.956276
69.000000,65.489139
62.000000,66.210912
68.000000,62.403364
67.000000,64.528599
65.000000,66.360696
57.000000,64.003072
77.000000,60.241475
69.000000,72.291262
58.000000,69.197124
60.000000,63.096106
50.000000,63.549591
52.000000,58.649746
46.000000,61.234207
41.000000,58.522031
39.000000,54.449952
42.000000,58.900124
43.000000,59.105532
46.000000,53.523883
35.000000,54.685335
38.000000,49.100699
41.000000,44.141443
44.000000,46.198337
51.000000,46.702933
44.000000,56.543545
45.000000,47.456413
35.000000,43.173650
32.000000,36.188662
30.000000,40.860823
25.000000,28.475485
15.000000,22.214010
23.000000,0.000000
17.000000,7.037502
26.000000,3.141860
25.000000,11.432511
22.000000,29.126511
25.000000,37.126968
19.000000,30.459088
26.000000,25.892045
12.000000,32.585606
10.000000,13.635692
10.000000,8.776103
13.000000,0.327808
7.000000,4.340597
16.000000,14.072183
16.000000,15.725193
12.000000,20.639396
12.000000,13.565048
9.000000,26.057777
9.000000,26.055203
8.000000,19.932272
3.000000,17.747465
2.000000,19.078927
5.000000,12.030705
10.000000,13.818153
8.000000,22.002352
11.000000,30.792867
8.000000,31.762150
10.000000,25.387001
9.000000,24.069839
14.000000,24.753892
13.000000,28.033844
12.000000,24.723379
7.000000,16.310126
7.000000,30.630294
4.000000,28.015614
3.000000,22.860230
4.000000,15.777047
8.000000,17.550372
7.000000,15.892193
15.000000,9.884415
10.000000,18.510008
10.000000,26.568931
23.000000,22.680614
16.000000,31.663224
12.000000,25.617686
19.000000,20.129029
20.000000,24.835191
24.000000,25.266988
14.000000,27.393805
17.000000,21.308663
16.000000,23.665903
16.000000,18.536067
14.000000,17.867629
17.000000,21.078861
13.000000,15.243851
10.000000,9.915721
12.000000,2.146061
3.000000,19.005541
8.000000,8.180780
12.000000,14.827756
15.000000,18.813892
10.000000,27.108505
18.000000,14.586523
15.000000,26.798053
16.000000,24.636019
29.000000,27.287448
36.000000,37.891353
20.000000,40.498243
23.000000,30.075147
30.000000,34.949348
23.000000,37.079200
15.000000,31.494870
24.000000,20.165373
27.000000,34.960811
25.000000,37.229642
24.000000,36.920803
33.000000,34.995337
24.000000,41.480786
24.000000,34.053558
29.000000,34.098673
20.000000,37.340352
6.000000,32.337393
10.000000,24.785532
21.000000,28.246290
18.000000,34.061540
21.000000,33.857922
22.000000,35.078980
38.000000,33.477806
26.000000,42.478128
31.000000,36.738666
23.000000,39.608520
30.000000,34.413507
29.000000,38.477421
28.000000,39.091429
23.000000,34.518486
24.000000,30.428930
24.000000,31.677894
25.000000,33.341210
29.000000,35.800311
21.000000,37.705490
24.000000,30.523107
23.000000,33.419164
16.000000,30.508664
21.000000,22.373737
13.000000,28.067562
8.000000,20.385122
12.000000,23.745231
11.000000,15.559963
9.000000,13.384735
13.000000,14.289231
10.000000,13.572397
12.000000,7.682567
18.000000,11.571117
24.000000,24.288528
31.000000,32.966283
36.000000,37.164279
29.000000,39.516571
25.000000,34.614293
28.000000,29.353072
25.000000,32.987375
34.000000,34.158906
33.000000,37.736509
24.000000,39.578959
20.000000,28.415653
20.000000,21.620841
18.000000,18.439479
13.000000,18.202575
13.000000,5.704641
16.000000,11.131568
16.000000,13.104437
13.000000,17.497704
17.000000,9.649220
20.000000,19.804828
22.000000,21.832450
19.000000,20.221334
25.000000,21.958787
23.000000,29.746020
27.000000,24.963421
22.000000,32.332494
30.000000,24.544294
26.000000,30.293190
31.000000,22.588947
26.000000,30.292620
28.000000,25.866071
35.000000,24.724140
35.000000,36.141922
34.000000,39.930133
28.000000,38.222253
38.000000,30.603688
29.000000,40.483175
21.000000,29.825409
17.000000,23.830299
14.000000,9.499734
11.000000,8.963486
27.000000,3.791429
22.000000,29.360830
26.000000,22.637429
31.000000,26.538752
28.000000,32.526237
39.000000,32.599272
47.000000,41.209141
41.000000,47.074270
32.000000,43.704446
19.000000,34.315676
30.000000,17.521814
31.000000,34.385643
26.000000,32.770552
26.000000,29.661491
31.000000,27.640699
32.000000,35.990347
24.000000,37.259611
19.000000,25.532734
14.000000,21.833826
17.000000,12.071648
15.000000,16.470382
11.000000,18.441696
15.000000,16.766432
15.000000,23.381346
16.000000,18.163729
16.000000,10.446354
15.000000,7.132515
14.000000,13.411539
18.000000,7.988770
18.000000,15.984188
19.000000,18.596179
20.000000,19.370471
21.000000,19.440563
23.000000,21.547841
15.000000,23.704051
17.000000,11.991877
13.000000,14.772128
13.000000,11.411457
9.000000,15.195751
4.000000,11.825594
4.000000,0.000000
5.000000,0.000000
3.000000,0.000000
2.000000,0.000000
4.000000,0.000000
6.000000,0.000000
2.000000,3.749954
2.000000,7.633224
4.000000,9.065582
6.000000,1.569487
7.000000,0.986973
4.000000,7.009615
5.000000,0.063205
7.000000,1.897819
4.000000,5.398258
12.000000,7.927012
12.000000,18.759303
6.000000,10.469220
5.000000,4.498415
5.000000,1.865558
5.000000,5.330339
2.000000,9.927993
7.000000,8.417687
3.000000,21.040408
4.000000,15.844680
4.000000,5.995721
15.000000,14.660495
11.000000,25.653630
9.000000,21.467055
14.000000,19.290076
12.000000,24.277461
7.000000,21.974763
14.000000,18.341243
16.000000,24.106083
16.000000,28.409319
10.000000,25.328316
16.333333,21.488143
22.666667,27.704176
29.000000,31.947521
40.000000,36.362136
34.000000,41.609876
20.000000,38.958524
20.000000,30.776503
25.000000,32.769319
24.000000,35.944067
21.000000,35.115447
30.000000,33.803041
37.000000,39.262602
32.000000,44.167787
32.000000,40.907040
30.000000,39.957415
29.000000,38.745578
27.000000,38.910604
23.000000,37.496261
23.000000,34.291482
21.000000,36.427211
23.000000,38.237549
17.000000,36.446193
17.000000,29.483282
40.000000,30.743538
36.000000,45.348193
17.000000,43.314386
33.000000,30.695852
29.000000,42.455859
24.000000,41.869814
29.000000,37.980130
26.000000,40.515895
31.000000,38.512145
25.000000,43.311531
28.000000,38.893142
28.000000,38.921229
30.000000,40.364126
27.000000,41.974663
29.000000,38.561465
28.000000,39.230272
28.000000,36.734609
29.000000,41.151646
30.000000,40.392072
33.000000,38.745705
32.000000,42.355431
32.000000,42.404591
34.000000,39.985909
34.000000,42.569471
37.000000,41.174955
35.000000,44.392649
35.000000,42.064436
37.000000,42.066730
41.000000,42.536900
46.000000,46.699088
36.000000,48.362327
31.000000,42.550647
22.000000,34.903073
33.000000,29.837817
37.000000,39.620119
41.000000,40.547856
45.000000,44.949362
47.000000,49.056946
52.000000,50.080290
51.000000,52.174607
52.000000,50.806977
48.000000,51.448687
50.000000,49.522737
41.000000,50.930839
30.000000,43.593638
39.000000,30.276426
32.000000,43.949235
37.000000,38.123719
44.000000,42.412056
48.000000,47.164702
51.000000,50.754612
53.000000,54.226137
45.000000,54.392994
47.000000,47.760018
51.000000,50.963250
44.000000,53.395971
47.000000,49.179240
51.000000,51.940322
47.000000,54.819533
49.000000,53.470024
60.000000,53.572039
52.000000,59.131018
55.000000,55.308806
48.000000,57.293401
45.000000,51.998363
46.000000,49.581901
42.000000,51.428834
35.000000,49.333471
32.000000,40.498959
46.000000,40.155544
46.000000,51.936751
32.000000,52.590952
44.000000,38.136443
57.000000,49.291207
52.000000,59.054442
58.000000,54.392408
55.000000,58.048839
34.000000,56.621722
30.000000,37.209287
40.000000,34.557461
38.000000,44.125717
61.000000,43.468556
83.000000,63.064913
79.000000,79.212326
59.000000,76.631942
58.000000,60.321312
59.000000,56.737939
80.000000,57.647626
61.000000,73.159831
71.000000,60.500555
57.000000,72.440810
62.000000,64.127556
76.000000,68.079765
81.000000,75.924840
61.000000,79.985860
47.000000,62.351393
28.000000,55.948947
33.000000,29.889914
21.000000,28.883823
18.000000,16.718990
22.000000,16.070170
22.000000,30.282672
19.000000,29.242622
25.000000,21.645358
22.000000,33.390032
26.000000,19.693519
28.000000,11.335107
23.000000,24.865098
28.000000,22.594022
22.000000,33.506345
27.000000,29.135870
22.000000,31.559089
25.000000,26.102411
20.000000,23.806655
27.000000,11.337964
20.000000,31.628778
13.000000,28.736604
26.000000,16.748876
26.000000,31.787115
29.000000,28.668400
24.000000,36.869699
29.000000,28.255595
34.000000,35.207543
32.000000,43.314960
33.000000,43.113538
33.000000,42.868560
26.000000,42.925671
28.000000,36.167701
25.000000,39.784119
33.000000,29.530769
37.000000,41.211273
29.000000,45.749804
34.000000,42.198414
33.000000,44.254584
36.000000,44.432679
36.000000,42.409551
35.000000,44.466900
34.000000,37.573574
36.000000,42.505545
32.000000,45.254742
24.000000,43.783221
27.000000,38.179875
25.000000,39.708553
27.000000,31.312839
28.000000,36.845670
32.000000,29.465612
38.000000,39.885092
40.000000,47.239609
40.000000,47.866075
39.000000,47.061286
41.000000,46.872945
35.000000,45.910189
38.000000,43.276120
42.000000,40.901967
34.000000,46.344357
35.000000,36.546977
38.000000,39.770785
38.000000,45.114086
42.000000,46.035729
44.000000,45.013236
37.000000,44.675933
35.000000,37.493049
37.000000,36.343494
25.000000,40.601601
29.000000,28.183570
30.000000,34.875881
24.000000,33.307195
26.000000,27.299337
30.000000,26.188288
34.000000,32.819808
43.000000,37.781564
29.000000,45.024022
25.000000,30.463702
33.000000,25.574664
32.000000,34.820896
33.000000,34.807255
49.000000,36.700349
32.000000,49.961803
28.000000,33.757732
39.000000,26.530749
40.000000,41.081510
40.000000,43.382016
33.000000,41.355536
29.000000,33.930245
31.000000,25.819776
27.000000,33.271706
27.000000,24.363508
15.000000,24.524194
8.000000,0.000000
8.000000,0.000000
14.000000,0.000000
11.000000,6.866825
8.000000,0.000000
13.000000,0.647542
13.000000,0.000000
15.000000,0.000000
22.000000,8.582400
26.000000,25.896465
24.000000,29.730006
20.000000,23.253845
21.000000,17.552244
15.000000,22.522006
15.000000,5.929235
13.000000,10.379226
14.000000,0.000000
5.000000,2.102153
10.000000,0.000000
9.000000,0.000000
9.000000,0.000000
11.000000,3.381251
4.000000,0.000000
4.000000,0.000000
7.000000,0.000000
6.000000,2.266555
6.000000,10.063917
8.000000,0.000000
11.000000,4.381269
10.000000,15.843699
19.000000,0.153319
20.000000,22.206682
25.000000,23.296259
22.000000,27.367153
18.000000,24.744980
22.000000,16.124344
25.000000,21.679339
17.000000,27.223717
23.000000,13.468112
32.000000,21.939450
29.000000,34.422188
29.000000,31.095586
27.000000,33.651785
25.000000,29.999969
23.000000,27.113133
30.000000,26.531918
29.000000,31.513450
34.000000,31.395360
33.000000,38.469805
32.000000,38.462590
18.000000,37.616081
30.000000,17.439498
30.000000,33.750980
23.000000,34.430794
38.000000,24.071183
41.000000,40.604468
47.000000,44.510131
49.000000,48.024244
52.000000,49.274041
41.000000,48.739069
38.000000,43.536327
30.000000,41.098526
23.000000,35.433427
28.000000,27.954536
33.000000,37.594097
31.000000,42.855386
34.000000,42.799038
35.000000,42.488131
34.000000,42.931738
27.000000,42.174745
39.000000,33.933900
30.000000,44.802259
28.000000,40.366629
27.000000,38.062457
26.000000,39.239329
18.000000,39.417577
23.000000,26.937901
27.000000,29.901584
42.000000,35.100645
34.000000,46.713473
31.000000,41.680229
30.000000,39.176638
32.000000,40.671531
37.000000,41.591786
37.000000,43.433724
39.000000,42.930041
38.000000,43.417037
44.000000,46.606705
50.000000,48.409348
47.000000,51.327967
48.000000,49.682064
44.000000,50.458134
41.000000,47.551581
40.000000,45.038645
46.000000,44.474316
52.000000,49.715837
51.000000,53.691106
55.000000,53.957334
51.000000,56.151088
40.000000,54.383511
35.000000,45.595352
36.000000,39.062339
39.000000,40.687313
34.000000,43.641271
42.000000,37.370187
43.000000,48.008154
46.000000,49.501740
44.000000,52.524110
42.000000,47.815760
45.000000,44.888023
34.000000,47.283752
24.000000,38.220094
27.000000,24.152356
23.000000,27.994645
23.000000,25.154320
25.000000,29.582134
20.000000,23.813218
24.000000,9.985114
22.000000,23.591238
16.000000,17.876134
14.000000,10.349881
13.000000,10.003910
11.000000,12.240953
10.000000,9.431839
15.000000,4.722870
15.000000,10.849421
4.000000,12.671827
20.000000,0.000000
32.000000,24.460175
38.000000,37.698217
31.000000,42.777883
38.000000,37.304914
33.000000,41.637609
30.000000,34.792886
26.000000,32.432518
28.000000,30.828708
31.000000,31.365521
27.000000,35.760106
27.000000,33.608415
20.000000,33.440301
17.000000,23.157136
26.000000,12.861593
29.000000,26.466244
24.000000,30.092294
12.000000,22.842755
10.000000,9.415846
18.000000,12.169193
20.000000,21.856359
18.000000,23.596094
19.000000,15.623751
20.000000,13.563803
32.000000,19.611223
37.000000,32.872098
37.000000,39.894746
30.000000,40.469771
32.000000,32.106199
32.000000,31.232623
34.000000,30.052311
25.000000,33.174157
29.000000,22.494176
32.000000,24.967394
28.000000,31.777871
32.000000,30.030727
24.000000,33.162883
30.000000,22.979412
27.000000,30.546081
36.000000,23.160803
25.000000,37.045309
20.000000,22.245386
15.000000,20.231785
21.000000,15.770470
22.000000,18.353115
13.000000,22.175435
13.000000,1.368528
14.000000,1.091125
13.000000,9.452190
28.000000,1.729572
42.000000,29.523747
58.000000,43.631322
51.000000,53.063286
40.000000,49.029889
46.000000,42.145561
43.000000,45.492028
46.000000,45.340392
54.000000,45.818804
46.000000,51.607130
24.000000,48.658332
23.000000,30.978621
16.000000,29.527541
11.000000,12.876112
17.000000,2.098154
20.000000,20.318410
23.000000,14.792120
23.000000,26.384437
21.000000,29.472019
24.000000,30.791745
29.000000,29.587886
24.000000,35.253327
27.000000,32.241817
31.000000,33.825169
42.000000,36.512826
39.000000,47.201755
37.000000,44.407340
41.000000,40.785771
30.000000,43.266185
32.000000,31.554983
30.000000,32.962953
37.000000,29.329502
32.000000,37.760991
32.000000,38.131812
33.000000,39.331633
30.000000,40.658411
37.000000,36.328848
39.000000,41.541063
35.000000,44.007975
32.000000,39.830212
26.000000,36.560163
29.000000,32.776176
12.000000,35.264900
15.000000,13.136181
23.000000,14.112559
14.000000,19.768549
19.000000,8.893539
15.000000,15.898239
29.000000,12.223209
32.000000,33.031182
29.000000,35.572461
25.000000,34.204720
28.000000,28.036130
32.000000,30.865114
19.000000,38.176034
21.000000,16.798843
26.000000,24.707450
25.000000,29.848403
20.000000,27.767124
22.000000,23.432354
21.000000,24.073174
24.000000,22.350111
17.000000,29.942205
13.000000,18.121734
16.000000,14.682395
20.000000,13.285653
17.000000,12.839426
13.000000,18.853689
12.000000,5.229980
14.000000,0.000000
26.000000,14.581227
23.000000,25.975232
28.000000,23.956236
30.000000,27.466370
32.000000,27.340694
26.000000,32.753653
24.000000,26.464678
25.000000,26.085789
21.000000,30.003122
22.000000,17.908092
23.000000,18.293129
24.000000,16.604594
28.000000,18.103865
20.000000,28.099729
19.000000,13.543616
20.000000,7.931243
24.000000,14.443640
21.000000,20.253770
14.000000,16.077798
8.000000,0.000000
10.000000,0.000000
7.000000,0.000000
2.000000,0.000000
8.000000,0.000000
9.000000,0.000000
13.000000,0.000000
14.000000,0.000000
22.000000,0.000000
20.000000,18.466006
19.000000,19.981913
19.000000,19.721245
12.000000,19.948180
18.000000,5.880618
14.000000,17.898963
17.000000,10.768468
22.000000,11.754694
16.000000,16.364849
15.000000,17.863995
13.000000,16.717741
13.000000,11.372941
12.000000,16.266120
11.000000,8.610553
10.000000,13.534338
1.000000,1.107743
5.000000,0.000000
3.000000,0.000000
6.000000,0.922433
20.000000,10.988744
12.000000,23.278376
24.000000,15.654255
32.000000,29.304273
39.000000,35.028907
38.000000,40.679486
35.000000,40.095439
42.000000,38.671750
36.000000,42.567112
37.000000,38.717827
41.000000,39.276030
40.000000,42.593477
29.000000,41.964470
22.000000,32.712526
16.000000,24.182999
13.000000,21.798091
9.000000,22.135725
12.000000,8.930102
13.000000,5.050614
11.000000,8.420166
8.000000,7.432826
15.000000,15.067632
19.000000,20.822041
16.000000,29.951257
22.000000,31.145442
19.000000,31.286317
25.000000,28.940009
32.000000,33.154759
29.000000,38.936718
38.000000,36.414437
36.000000,40.918225
46.000000,40.357305
41.000000,45.960411
43.000000,43.325706
46.000000,43.877819
40.000000,46.424865
38.000000,44.085929
30.000000,43.429571
35.000000,38.844981
29.000000,42.970846
28.000000,42.211150
28.000000,39.348453
25.000000,38.952336
15.000000,36.971901
22.000000,27.127421
23.000000,33.089852
29.000000,33.113809
34.000000,38.373194
33.000000,43.833535
29.000000,41.178892
31.000000,38.656167
33.000000,40.462664
30.000000,40.222916
33.000000,37.986129
33.000000,38.904857
35.000000,40.334856
33.000000,42.669635
25.000000,38.245818
34.000000,31.546578
39.000000,39.359956
38.000000,43.162730
36.000000,44.027483
30.000000,42.310605
29.000000,38.750802
31.000000,40.389227
23.000000,37.521852
29.000000,31.350488
29.000000,34.865849
25.000000,34.928013
38.000000,26.978122
35.000000,41.219272
44.000000,38.016919
40.000000,47.459111
50.000000,43.675432
50.000000,49.324176
56.000000,50.871778
56.000000,54.590699
58.000000,53.653446
61.000000,56.333209
60.000000,57.211274
46.000000,58.129130
45.000000,49.580810
63.000000,49.474422
57.000000,60.586624
50.000000,58.344885
50.000000,54.053563
50.000000,55.191206
55.000000,55.191038
53.000000,59.274781
47.000000,55.157976
37.000000,52.218647
35.000000,47.357118
35.000000,46.193843
39.000000,44.401898
38.000000,46.911982
40.000000,45.951623
42.000000,47.718024
34.000000,46.984904
34.000000,38.343471
28.000000,41.939235
30.000000,37.335130
35.000000,35.859142
38.000000,41.238091
37.000000,43.141483
39.000000,42.231390
55.000000,44.027812
45.000000,56.087345
43.000000,48.837118
39.000000,47.680761
36.000000,44.211773
36.000000,40.625495
35.000000,40.873929
40.000000,37.933729
36.000000,42.621732
29.000000,43.900372
9.000000,35.171292
8.000000,8.587924
2.000000,5.436254
11.000000,0.000000
1.000000,11.184759
9.000000,0.000000
11.000000,0.000000
13.000000,17.790913
15.000000,17.159102
5.000000,26.334044
9.000000,12.794639
7.000000,20.107537
9.000000,14.018420
5.000000,24.073630
13.000000,9.880603
9.000000,19.867489
11.000000,13.327238
11.000000,16.414511
10.000000,20.480889
11.000000,18.819248
6.000000,20.110414
9.000000,18.580736
11.000000,15.944215
11.000000,16.636866
14.000000,19.819010
21.000000,24.995440
23.000000,30.102631
30.000000,33.483261
34.000000,37.441759
31.000000,41.317017
40.000000,38.305730
46.000000,43.811391
37.000000,46.401419
40.000000,40.066133
34.000000,42.187930
31.000000,37.553885
38.000000,33.668051
40.000000,42.162599
30.000000,43.576228
37.000000,34.264218
52.000000,40.526683
43.000000,50.369384
41.000000,45.568945
35.000000,43.958283
35.000000,38.216876
35.000000,41.782276
33.000000,40.559952
35.000000,40.195334
29.000000,42.355539
29.000000,39.160326
33.000000,38.244828
30.000000,40.481985
30.000000,33.407645
34.000000,38.451855
20.000000,41.024298
13.000000,19.763446
12.000000,9.920097
17.000000,21.770519
20.000000,27.343144
29.000000,30.565117
31.000000,35.938837
20.000000,40.902491
24.000000,28.879672
21.000000,31.232470
17.000000,33.060997
21.000000,32.490258
24.000000,35.416949
22.000000,37.695649
23.000000,32.127896
21.000000,38.139616
16.000000,35.447861
17.000000,24.226329
18.000000,29.433326
12.000000,31.493738
14.000000,25.520213
23.000000,22.637668
18.000000,31.525551
21.000000,28.288619
14.000000,31.496137
27.000000,20.165745
27.000000,36.861311
27.000000,36.866302
31.000000,34.662565
29.000000,37.358259
25.000000,31.906759
31.000000,30.686802
24.000000,36.338666
30.000000,27.937822
37.000000,34.615149
32.000000,41.114901
35.000000,32.879015
42.000000,34.882869
39.000000,41.687774
34.000000,38.258983
24.000000,32.371901
4.000000,16.950958
10.000000,0.000000
6.000000,0.000000
11.000000,0.000000
14.000000,0.000000
17.000000,0.000000
6.000000,0.000000
18.000000,0.000000
15.000000,9.788031
22.000000,16.632812
15.000000,26.846873
17.000000,14.547582
18.000000,12.617810
17.000000,14.042346
13.000000,8.668460
16.000000,9.640261
19.000000,6.482792
22.000000,19.141197
26.000000,22.310382
21.000000,28.364861
18.000000,18.111952
18.000000,9.726904
16.000000,8.687250
21.000000,12.468248
15.000000,22.513935
15.000000,23.923569
12.000000,23.506716
13.000000,17.909995
13.000000,15.588584
17.000000,11.433693
14.000000,15.518548
12.000000,19.814716
24.000000,7.582780
21.000000,28.363974
21.000000,24.342287
18.000000,27.483415
16.000000,19.906479
16.000000,16.354449
21.000000,14.534360
17.000000,24.765331
13.000000,21.730143
15.000000,11.691964
22.000000,10.814279
17.000000,26.108405
19.000000,17.850815
22.000000,17.819423
20.000000,23.153148
20.000000,21.201789
8.000000,21.936239
13.000000,11.478197
9.000000,11.778605
13.000000,8.069796
15.000000,10.274968
17.000000,12.880918
17.000000,12.469384
20.000000,19.244284
25.000000,20.325959
29.000000,31.786871
26.000000,31.287665
27.000000,32.082427
26.000000,30.406719
25.000000,28.377353
26.000000,25.791738
24.000000,31.023302
23.000000,25.871792
28.000000,33.035887
28.000000,33.224989
20.000000,34.928749
25.000000,25.120765
22.000000,29.522440
25.000000,23.516441
20.000000,33.498713
17.000000,21.536892
25.000000,23.367419
25.000000,27.927186
36.000000,31.294973
37.000000,40.259440
34.000000,40.946346
31.000000,38.047875
31.000000,36.757041
24.000000,35.730125
21.000000,28.057039
20.000000,20.516695
30.000000,18.543948
28.000000,32.932496
31.000000,32.058718
30.000000,33.847817
25.000000,33.303677
29.000000,26.419349
32.000000,34.217824
31.000000,36.772883
33.000000,36.158018
34.000000,39.887354
32.000000,40.302446
33.000000,36.772192
36.000000,37.361352
27.000000,40.708054
25.000000,31.889366
14.000000,26.941142
22.000000,8.782778
25.000000,23.774134
29.000000,27.570956
25.000000,31.874683
26.000000,24.394123
45.000000,25.919679
39.000000,46.745894
46.000000,42.612073
46.000000,46.229301
48.000000,47.512299
44.000000,48.921028
49.000000,45.969220
52.000000,49.035883
50.000000,51.001420
56.000000,51.760505
50.000000,54.059632
45.000000,50.935033
44.000000,48.686580
41.000000,48.073029
39.000000,45.114194
49.000000,43.354665
46.000000,52.073520
33.000000,51.620935
19.000000,39.216928
24.000000,24.664914
25.000000,27.990338
33.000000,28.758709
27.000000,37.240032
22.000000,31.288313
36.000000,30.486873
42.000000,44.755716
44.000000,48.065552
36.000000,47.877490
46.000000,40.742124
52.000000,48.413380
49.000000,52.913944
42.000000,50.167167
51.000000,47.033674
53.000000,54.016491
53.000000,54.925901
63.000000,54.210879
68.000000,59.445836
58.000000,64.322719
61.000000,59.247864
65.000000,60.287418
49.000000,61.575708
40.000000,53.501423
51.000000,48.294087
30.000000,56.419661
36.000000,40.511745
26.000000,48.033006
28.000000,33.275428
22.000000,38.590402
23.000000,36.023830
25.000000,26.981969
16.000000,30.658508
19.000000,27.365213
14.000000,29.073637
18.000000,24.040764
19.000000,22.042840
18.000000,26.426758
21.000000,30.369686
29.000000,21.731427
32.000000,32.136986
30.000000,41.467238
30.000000,36.332922
31.000000,37.558996
32.000000,35.421631
28.000000,37.559332
22.000000,35.684471
27.000000,20.891151
25.000000,27.776689
26.000000,30.181704
30.000000,32.613942
26.000000,38.178154
26.000000,31.879585
26.000000,32.802752
33.000000,36.196071
47.000000,37.722503
43.000000,49.065454
41.000000,47.891205
48.000000,45.831187
40.000000,51.424210
33.000000,44.710747
30.000000,39.675445
25.000000,38.303562
30.000000,24.696860
24.000000,30.524477
25.000000,29.968833
26.000000,28.275327
23.000000,35.008879
24.000000,23.021693
22.000000,26.227378
18.000000,27.138545
21.000000,13.646398
18.000000,19.642785
20.000000,20.577296
28.000000,24.244083
24.000000,36.902140
27.000000,28.651275
30.000000,30.905665
41.000000,35.790042
47.000000,42.197264
40.000000,47.612488
52.000000,42.781852
38.000000,51.061321
43.000000,43.201615
46.000000,44.404377
37.000000,47.034651
49.000000,40.113046
41.000000,49.545863
28.000000,44.502765
24.000000,29.524658
18.000000,24.645111
24.000000,16.296363
19.000000,23.376757
14.000000,10.437226
14.000000,2.671416
18.000000,13.465977
15.000000,21.756135
10.000000,17.390204
13.000000,15.937120
6.000000,17.435994
15.000000,0.000000
15.000000,16.334158
26.000000,13.684140
15.000000,33.522567
16.000000,12.536572
23.000000,6.491591
23.000000,24.822791
22.000000,21.103423
25.000000,22.544096
29.000000,22.295448
25.000000,28.076252
23.000000,27.764087
25.000000,27.060305
28.000000,27.311192
19.000000,33.548929
21.000000,16.865171
22.000000,22.265304
24.000000,22.902374
22.000000,23.464950
29.000000,28.365440
26.333333,32.977250
23.666667,26.205405
21.000000,27.567250
16.000000,17.491367
22.000000,15.155086
24.000000,20.930851
32.000000,22.300529
26.000000,35.990678
31.000000,26.882770
25.000000,32.460613
25.000000,27.064030
31.000000,21.310041
33.000000,33.361439
26.000000,33.780986
36.000000,23.594053
34.000000,39.455472
29.000000,36.882141
30.000000,29.783343
32.000000,34.013133
29.000000,32.973303
23.000000,30.950270
31.000000,20.183262
29.000000,31.906048
34.000000,30.451850
42.000000,34.124171
40.000000,43.188459
34.000000,42.275055
42.000000,35.201766
33.000000,44.635056
25.000000,35.055691
30.000000,22.906826
30.000000,30.470502
22.000000,31.235425
32.000000,19.454557
32.000000,35.585157
29.000000,36.200283
26.000000,33.597445
31.000000,25.320394
36.000000,34.970977
33.000000,39.340374
30.000000,36.936859
32.000000,36.770967
32.000000,38.018357
27.000000,36.693870
29.000000,36.772675
28.000000,33.147174
30.000000,27.912390
29.000000,30.239319
43.000000,31.335300
38.000000,44.769957
53.000000,39.897941
49.000000,52.216843
41.000000,49.396010
42.000000,41.827165
39.000000,42.905834
42.000000,41.225099
36.000000,43.850734
36.000000,39.792854
36.000000,38.499214
33.000000,42.510682
35.000000,39.092067
26.000000,37.344114
32.000000,21.760925
36.000000,31.363523
33.000000,36.210703
25.000000,36.126032
33.000000,24.374473
36.000000,40.068184
28.000000,42.958106
35.000000,29.421323
30.000000,38.045647
24.000000,28.855735
33.000000,20.920118
30.000000,33.031684
34.000000,29.914049
28.000000,36.292189
27.000000,25.044044
28.666667,23.172845
30.333333,25.217923
32.000000,26.682550
28.000000,30.889482
38.000000,28.298082
33.000000,38.023266
27.000000,35.439890
26.000000,28.799416
13.000000,25.071665
22.000000,0.558168
26.000000,13.745959
27.000000,20.314323
23.000000,25.429052
32.000000,13.872537
28.000000,33.896179
27.000000,26.775332
27.000000,24.226217
19.000000,28.386330
25.000000,9.631566
21.000000,23.176137
20.000000,15.460541
23.000000,11.435588
25.000000,17.883009
34.000000,22.329222
46.000000,33.523402
60.000000,45.399518
54.000000,54.326951
51.000000,51.670277
54.000000,49.592395
53.000000,51.015532
50.000000,51.921213
51.000000,49.548441
38.000000,50.359182
53.000000,42.044422
50.000000,55.535414
48.000000,52.737621
47.000000,49.908497
41.000000,50.324463
45.000000,43.959286
44.000000,47.173849
39.000000,47.089045
42.000000,42.742394
43.000000,51.172006
46.000000,49.914959
46.000000,51.338081
60.000000,52.173295
64.000000,60.147934
61.000000,62.517117
62.000000,60.813425
68.000000,59.411740
70.000000,65.202898
77.000000,66.617889
83.000000,71.023723
72.000000,73.858261
61.000000,70.452141
61.000000,64.139330
73.000000,63.470583
78.000000,69.963621
57.000000,74.839716
49.000000,62.493622
55.000000,59.067056
45.000000,63.708576
32.000000,55.661017
30.000000,45.548321
28.000000,42.713272
24.000000,47.597632
18.000000,46.110783
26.000000,32.391175
20.000000,41.667875
16.000000,39.919318
12.000000,27.544387
15.000000,24.150649
19.000000,24.490579
17.000000,36.592291
17.000000,35.742897
22.000000,29.263335
22.000000,32.721820
21.000000,36.889487
19.000000,31.855859
16.000000,31.564401
24.000000,25.375328
33.000000,32.371382
36.000000,40.074312
30.000000,41.509414
28.000000,37.550422
23.000000,38.025823
21.000000,34.906702
11.000000,34.416828
13.000000,25.283920
10.000000,28.249483
11.000000,28.207957
17.000000,25.914184
14.000000,28.505021
10.000000,31.849604
4.000000,27.783117
10.000000,19.817492
14.000000,26.008860
18.000000,31.727837
13.000000,37.448890
11.000000,30.462979
9.000000,25.573274
10.000000,30.119462
10.000000,27.773179
13.000000,26.113889
16.000000,25.801361
16.000000,30.767894
13.000000,33.811160
14.000000,25.983332
15.000000,27.620147
11.000000,33.349206
17.000000,26.827350
16.000000,28.794721
19.000000,26.974899
14.000000,32.977723
14.000000,34.147439
14.000000,29.016781
17.000000,25.741328
12.000000,33.407215
11.000000,24.418576
13.000000,17.906070
12.000000,17.182913
21.000000,17.482072
21.000000,32.012106
31.000000,26.201679
30.000000,32.905614
29.000000,33.388544
19.000000,32.898473
17.000000,25.631644
29.000000,22.157933
25.000000,31.942796
24.000000,26.832774
25.000000,28.553180
24.000000,23.477621
17.000000,24.917652
20.000000,21.108392
24.000000,28.689463
18.000000,32.237505
12.000000,18.162636
18.000000,12.255744
12.000000,22.533482
17.000000,9.793596
19.000000,18.721174
20.000000,27.147946
25.000000,29.302917
29.000000,33.245215
38.000000,35.039704
37.000000,40.457361
35.000000,39.949833
45.000000,38.402344
47.000000,45.268816
43.000000,46.226220
34.000000,44.709710
43.000000,40.413602
40.000000,44.895394
42.000000,43.905033
37.000000,45.624840
34.000000,41.750782
34.000000,41.335056
31.000000,43.262820
31.000000,40.835269
28.000000,37.943545
22.000000,35.764460
25.000000,30.403332
31.000000,34.700557
30.000000,40.238589
32.000000,40.541371
32.000000,42.898708
23.000000,41.355282
31.000000,29.818314
38.000000,38.457254
40.000000,43.173947
45.000000,45.155689
47.000000,47.883039
48.000000,48.974264
50.000000,50.286162
51.000000,50.682105
56.000000,49.935641
70.000000,53.644223
56.000000,60.628139
49.000000,54.885031
49.000000,51.987026
42.000000,52.461668
43.000000,49.126693
38.000000,49.851176
40.000000,44.523750
35.000000,48.590647
38.000000,49.194747
37.000000,47.504549
46.000000,45.081942
43.000000,52.325733
47.000000,49.779475
37.000000,52.672812
34.000000,44.865702
33.000000,42.829637
41.000000,46.369511
33.000000,48.365409
45.000000,40.932606
41.000000,51.226574
51.000000,47.547133
47.000000,54.964810
45.000000,49.835653
48.000000,48.982249
39.000000,51.897114
40.000000,44.163269
40.000000,45.212606
37.000000,45.474450
42.000000,41.687447
43.000000,47.907181
34.000000,48.132946
31.000000,38.299822
31.000000,39.332671
33.000000,33.784846
22.000000,34.218277
13.000000,17.908001
19.000000,0.000000
20.000000,15.173919
24.000000,21.918460
24.000000,26.775910
22.000000,34.577906
30.000000,21.954622
51.000000,30.535831
63.000000,51.278074
42.000000,57.643878
41.000000,44.349021
38.000000,44.686149
43.000000,40.978768
40.000000,46.885451
37.000000,42.696934
34.000000,37.424602
32.000000,36.021320
31.000000,38.451820
30.000000,32.157599
31.000000,32.639974
32.000000,32.073543
28.000000,37.243058
23.000000,26.628841
22.000000,14.035432
18.000000,22.848234
18.000000,28.721790
28.000000,19.018635
24.000000,31.168180
53.000000,22.742800
62.000000,55.276709
59.000000,59.348655
64.000000,56.369481
67.000000,59.890007
64.000000,60.330972
62.000000,58.638322
60.000000,58.395588
52.000000,56.290368
55.000000,54.761833
53.000000,58.277965
48.000000,55.816577
57.000000,53.725718
73.000000,60.566107
63.000000,69.863895
61.000000,63.779331
62.000000,61.615437
50.000000,63.386407
49.000000,56.767930
45.000000,55.367259
41.000000,53.237802
31.000000,54.088445
32.000000,49.304758
42.000000,44.959678
64.000000,52.425267
64.000000,67.247600
66.000000,65.287721
71.000000,66.279927
64.000000,68.426668
52.000000,63.616934
57.000000,56.945254
59.000000,58.847042
59.000000,61.044088
58.000000,63.838745
53.000000,62.591833
51.000000,59.123703
61.000000,58.150439
67.000000,63.583776
60.000000,64.984197
64.000000,61.710837
62.000000,65.218838
38.000000,64.619286
31.000000,45.167418
40.000000,38.733466
36.000000,47.754359
31.000000,46.996169
38.000000,46.014854
34.000000,47.188748
58.000000,43.344662
55.000000,59.075265
45.000000,54.869174
74.000000,47.134966
77.000000,70.601839
68.000000,72.169769
69.000000,65.279561
68.000000,67.139378
76.000000,66.037671
68.000000,76.568325
63.000000,66.683911
59.000000,61.061841
62.000000,62.160048
52.000000,65.140804
69.000000,56.600829
89.000000,69.963143
66.000000,86.745445
55.000000,68.517712
32.000000,56.451273
28.000000,30.254249
32.000000,24.474444
36.000000,30.487793
49.000000,38.560491
45.000000,52.827413
50.000000,53.490975
81.000000,43.341662
74.000000,82.793105
66.000000,71.196204
72.000000,63.267716
64.000000,69.668293
67.000000,64.236196
72.000000,68.645035
93.000000,73.222058
80.000000,95.468685
71.000000,84.458902
63.000000,73.168827
60.000000,63.602638
64.000000,61.595958
57.000000,64.947252
69.000000,56.760915
62.000000,70.732247
65.000000,67.849852
51.000000,71.432781
46.000000,58.762929
22.000000,52.126040
23.000000,23.052226
17.000000,21.106385
12.000000,0.000000
16.000000,6.785474
11.000000,3.000048
12.000000,0.000000
6.000000,13.945482
16.000000,0.000000
7.000000,23.376029
21.000000,14.655281
10.000000,21.031971
24.000000,27.317695
28.000000,24.628427
31.000000,28.995655
33.000000,36.671693
38.000000,37.817570
40.000000,42.284698
55.000000,43.778189
44.000000,52.603190
45.000000,47.024381
36.000000,46.768351
26.000000,40.782132
25.000000,35.584594
16.000000,38.243150
32.000000,35.207294
26.000000,43.467667
27.000000,38.580633
35.000000,44.015368
35.000000,47.264103
56.000000,46.127177
61.000000,56.034807
57.000000,58.044089
48.000000,55.246541
44.000000,52.787346
56.000000,50.982933
53.000000,56.870854
68.000000,56.710122
85.000000,63.863140
116.000000,76.019578
126.000000,98.152449
101.000000,103.532138
65.000000,84.995273
51.000000,63.082542
52.000000,56.911813
38.000000,57.339316
32.000000,52.764950
31.000000,52.864785
28.000000,59.720734
27.000000,60.022705
17.000000,54.140891
23.000000,35.574127
30.000000,43.890680
20.000000,47.181113
25.000000,40.754728
29.000000,44.795827
29.000000,51.420071
40.000000,51.874429
43.000000,53.669514
35.000000,50.458801
42.000000,46.784193
50.000000,49.092583
51.000000,52.813905
51.000000,53.867493
45.000000,54.712560
41.000000,52.158082
42.000000,51.556621
34.000000,49.038058
36.000000,44.258592
23.000000,43.202276
17.000000,38.013168
15.000000,40.108588
24.000000,43.787792
21.000000,46.146671
24.000000,42.961262
20.000000,37.939108
28.000000,33.745880
23.000000,33.113126
25.000000,36.021788
28.000000,41.658208
29.000000,45.367342
37.000000,46.666906
30.000000,47.485867
25.000000,38.809792
24.000000,28.832328
29.000000,22.078756
29.000000,34.846001
23.000000,41.013350
30.000000,43.199026
29.000000,46.362380
27.000000,43.373122
21.000000,33.648349
23.000000,22.029736
34.000000,21.894931
28.000000,41.118628
29.000000,41.411776
21.000000,45.151006
34.000000,43.644980
25.000000,46.032345
26.000000,32.892571
29.000000,28.728042
22.000000,30.298008
13.000000,27.589138
19.000000,27.881858
24.000000,42.739705
21.000000,44.592051
20.000000,39.825046
30.000000,21.408826
21.000000,26.642061
24.000000,10.291233
23.000000,22.082395
26.000000,23.575406
26.000000,27.009594
23.000000,21.229273
28.000000,21.363657
20.000000,30.068256
23.000000,10.426971
20.000000,16.766652
28.000000,17.836451
23.000000,30.061597
30.000000,21.075054
21.000000,29.253532
31.000000,11.661496
24.000000,27.444597
40.000000,18.281711
35.000000,38.481354
30.000000,36.048585
32.000000,31.045489
28.000000,33.234021
29.000000,21.467018
33.000000,27.382115
41.000000,30.776429
48.000000,40.389665
42.000000,48.173454
43.000000,42.710825
37.000000,44.348989
36.000000,38.901010
40.000000,36.119069
36.000000,40.651971
39.000000,36.130016
35.000000,41.962538
31.000000,39.673175
34.000000,32.530614
41.000000,35.550933
57.500000,42.633173
74.000000,54.763179
72.000000,64.492263
73.000000,63.178897
62.000000,64.047041
54.000000,59.195770
67.000000,53.479413
66.000000,60.793161
68.000000,60.905771
65.000000,64.833267
59.000000,66.079845
58.000000,62.572036
52.000000,62.411367
47.000000,57.382388
51.000000,51.489117
61.000000,57.362461
53.000000,63.214092
47.000000,60.589089
49.000000,58.734243
52.000000,58.420323
57.000000,59.962533
49.000000,61.096780
52.000000,54.777894
46.000000,58.300950
43.000000,56.466355
35.000000,53.184605
46.000000,49.227643
56.000000,53.962925
54.000000,60.800463
46.000000,59.201300
36.000000,52.240173
44.000000,45.293083
58.000000,51.630565
57.000000,59.719959
55.000000,58.030907
52.000000,57.364110
54.000000,57.121957
59.000000,56.435647
57.000000,60.084572
55.000000,57.579798
61.000000,56.681542
64.000000,63.086643
75.000000,64.704622
82.000000,73.858830
81.000000,79.528808
73.000000,81.082029
71.000000,73.271801
49.000000,70.510523
38.000000,51.271568
46.000000,40.963005
37.000000,51.663301
54.000000,41.853776
64.000000,58.837134
80.000000,69.005921
72.000000,82.482791
74.000000,74.956681
68.000000,73.175569
69.000000,65.753987
62.000000,68.192359
65.000000,60.525743
69.000000,65.513831
65.000000,71.542845
61.000000,70.619507
57.000000,65.153391
59.000000,58.630643
71.000000,58.717264
75.000000,73.978598
55.000000,76.458390
38.000000,53.744338
30.000000,24.354641
37.000000,16.916739
36.000000,28.523608
36.000000,27.291383
45.000000,31.832263
36.000000,47.626872
30.000000,35.892880
46.000000,8.330790
42.000000,36.750073
44.000000,35.788484
52.000000,37.455695
65.000000,49.090299
64.000000,63.616357
58.000000,64.284381
64.000000,58.432696
52.000000,61.209384
55.000000,48.201194
58.000000,53.099227
53.000000,56.695009
44.000000,50.796257
50.000000,39.747640
53.000000,45.384551
51.000000,51.300513
54.000000,50.780037
53.000000,53.057971
47.000000,54.660389
37.000000,46.793911
38.000000,33.176790
51.000000,35.274036
46.000000,46.568632
39.000000,45.121944
37.000000,37.290120
32.000000,31.633809
43.000000,32.220826
46.000000,39.407000
60.000000,44.169815
62.000000,59.429391
66.000000,61.545543
58.000000,67.150277
61.000000,58.881140
58.000000,60.594435
59.000000,57.611643
60.000000,57.871196
59.000000,58.248943
59.000000,59.284177
62.000000,57.080025
63.000000,62.938492
61.000000,63.043004
56.000000,62.177310
66.000000,59.285881
68.000000,67.796320
57.000000,70.494431
50.000000,60.436295
67.000000,46.929343
72.000000,69.654529
74.000000,75.119013
72.000000,76.774903
69.000000,73.528795
74.000000,72.782158
73.000000,77.498829
76.000000,74.604474
82.000000,76.933819
81.000000,85.811936
78.000000,84.230011
51.000000,81.432483
41.000000,56.544274
33.000000,40.276265
38.000000,31.282019
49.000000,33.707933
51.000000,45.184571
27.000000,52.733971
31.000000,23.960782
17.000000,24.262941
19.000000,0.000000
23.000000,0.000000
29.000000,11.282630
34.000000,21.646164
20.000000,21.615288
20.000000,0.000000
24.000000,13.266130
29.000000,13.797629
28.000000,28.567433
39.000000,24.719887
69.000000,39.608079
80.000000,64.900107
67.000000,76.549317
77.000000,62.337534
108.000000,68.474842
161.000000,95.710711
198.000000,148.398736
206.000000,178.554030
206.000000,184.230545
185.000000,206.469307
126.000000,204.838437
101.000000,125.316746
75.000000,94.321391
59.000000,78.009628
44.000000,74.161881
35.000000,72.700796
36.000000,71.461556
28.000000,74.742841
25.000000,70.355805
24.000000,57.993313
21.000000,52.537024
22.000000,48.675510
16.000000,55.369742
17.000000,52.740545
15.000000,52.258622
19.000000,52.574267
21.000000,52.383851
22.000000,47.231698
13.000000,43.658201
26.000000,36.969270
21.000000,48.388643
22.000000,45.467184
21.000000,45.245545
29.000000,44.892814
26.000000,47.131193
25.000000,44.276731
27.000000,42.444339
31.000000,43.008622
27.000000,46.406360
28.000000,43.048955
22.000000,43.042451
24.000000,41.713463
31.000000,43.869061
25.000000,46.303697
39.000000,44.306103
35.000000,48.601033
36.000000,47.372727
42.000000,45.217324
36.000000,46.508795
33.000000,44.581878
28.000000,45.573895
22.000000,46.281916
25.000000,43.234526
32.000000,45.795239
30.000000,47.317164
32.000000,45.405308
34.000000,46.510452
28.000000,46.105847
34.000000,45.430587
30.000000,47.599790
40.000000,45.038583
30.000000,49.444824
29.000000,47.067570
27.000000,45.290329
17.000000,45.254602
25.000000,43.008022
28.000000,44.725541
31.000000,46.734021
34.000000,46.241269
34.000000,49.320988
33.000000,48.565610
34.000000,46.733871
40.000000,46.694104
44.000000,46.766191
41.000000,49.078607
32.000000,50.510369
43.000000,45.704665
43.000000,49.860360
44.000000,45.553149
47.000000,45.804492
50.000000,48.499153
53.000000,50.316574
51.000000,53.032124
49.000000,51.572347
45.000000,48.875631
38.000000,49.286424
29.000000,41.293445
32.000000,33.271703
35.000000,38.318010
31.000000,44.377528
32.000000,39.075007
35.000000,37.958479
51.000000,38.949573
45.000000,54.462487
46.000000,47.777285
51.000000,48.431596
50.000000,52.644337
53.000000,52.958120
60.000000,54.560589
39.000000,58.697422
21.000000,44.431561
32.000000,21.061636
40.000000,31.809764
33.000000,42.323680
35.000000,34.977211
34.000000,41.212566
38.000000,40.467159
38.000000,44.437872
30.000000,41.746435
18.000000,34.647598
15.000000,11.942628
25.000000,8.605987
24.000000,28.041689
30.000000,30.475406
28.000000,38.180669
30.000000,36.709844
39.000000,34.576714
37.000000,41.814691
38.000000,39.285110
36.000000,41.538723
35.000000,38.797353
31.000000,39.908058
34.000000,35.448618
35.000000,37.890511
35.000000,37.520092
41.000000,38.963052
32.000000,42.995986
31.000000,33.441335
42.000000,33.564863
40.000000,45.858110
45.000000,43.393988
45.000000,47.502862
38.000000,46.322017
36.000000,41.348268
22.000000,39.648037
21.000000,25.068041
21.000000,19.455369
24.000000,17.904496
30.000000,22.656738
29.000000,33.682148
37.000000,28.104706
34.000000,38.119372
39.000000,34.203054
42.000000,40.506150
45.000000,42.968931
50.000000,46.816335
40.000000,50.952678
41.000000,43.741487
41.000000,42.826881
42.000000,44.015972
50.000000,43.890955
47.000000,50.877192
48.000000,48.581770
56.000000,49.719123
61.000000,56.901980
55.000000,59.567266
53.000000,54.919693
39.000000,54.772952
34.000000,42.378034
38.000000,40.104630
38.000000,43.020167
37.000000,44.402926
42.000000,44.912645
52.000000,49.244933
59.000000,55.876894
53.000000,60.490555
54.000000,54.729345
54.000000,55.396801
74.000000,55.360875
69.000000,68.218502
70.000000,65.978274
66.000000,68.094467
72.000000,66.763286
70.000000,71.793688
61.000000,67.432344
60.000000,61.372089
76.000000,61.206856
63.000000,74.537889
62.000000,65.902061
60.000000,65.714132
57.000000,64.068540
48.000000,63.078907
49.000000,55.180008
52.000000,56.256258
45.000000,58.240540
43.000000,57.250833
39.000000,52.076337
58.000000,45.388713
53.000000,61.547640
54.000000,56.580253
62.000000,57.733212
75.000000,64.026009
67.000000,73.371789
67.000000,68.054319
70.000000,67.040862
62.000000,68.951660
67.000000,64.295086
69.000000,67.312291
66.000000,69.057045
62.000000,67.350735
63.000000,66.362692
63.000000,65.110091
65.000000,64.523560
63.000000,66.882899
58.000000,63.945579
62.000000,58.755427
61.000000,65.103067
51.000000,63.693734
40.000000,52.313412
41.000000,39.975260
51.000000,38.305136
40.000000,52.880657
47.000000,26.497451
61.000000,41.001335
52.000000,63.564166
45.000000,52.404114
41.000000,39.480568
32.000000,39.042028
32.000000,24.121489
34.000000,22.192134
40.000000,12.205421
39.000000,21.732811
44.000000,26.035577
30.000000,33.546190
32.000000,8.630595
36.000000,20.182702
26.000000,27.200388
19.000000,8.480646
26.500000,0.000000
34.000000,0.000000
35.000000,11.847286
36.000000,12.134903
34.000000,27.814430
44.000000,33.227492
38.000000,43.822590
43.000000,38.465118
50.000000,43.022018
51.000000,48.277670
57.000000,47.933118
65.000000,53.643180
63.000000,62.680623
79.000000,61.971000
93.000000,75.829661
103.000000,84.514942
98.000000,94.471134
92.000000,94.415082
83.000000,89.598130
78.000000,82.691075
68.000000,78.094461
71.000000,68.890987
60.000000,74.313437
60.000000,67.897602
60.000000,70.057199
54.000000,69.645574
52.000000,63.092709
51.000000,58.247761
51.000000,60.326181
47.000000,58.279036
66.000000,56.045791
58.000000,70.869506
55.000000,66.337669
68.000000,63.485626
77.000000,71.427609
82.000000,78.748633
84.000000,81.939103
71.000000,83.001107
65.000000,71.757617
63.000000,69.441712
77.000000,66.823702
79.000000,76.437793
77.000000,80.889246
77.000000,80.794499
72.000000,80.633151
70.000000,76.324449
67.000000,72.360407
72.000000,70.152835
60.000000,71.843645
51.000000,66.058844
45.000000,59.142917
41.000000,51.209016
47.000000,51.799777
47.000000,55.960097
60.000000,53.777743
92.000000,65.595665
105.000000,87.556233
82.000000,100.016138
69.000000,80.569067
53.000000,69.390674
53.000000,55.487337
57.000000,54.785925
53.000000,57.117460
48.000000,56.660713
62.000000,61.910472
53.000000,72.273237
55.000000,58.248799
54.000000,55.216204
45.000000,51.121976
42.000000,37.635508
36.000000,29.344748
39.000000,23.124015
28.000000,41.971242
15.000000,37.101801
7.000000,0.900619
5.000000,0.000000
19.000000,0.000000
16.000000,0.811970
10.000000,0.000000
15.000000,0.000000
20.000000,22.304778
24.000000,33.838501
22.000000,33.432217
20.000000,33.074522
20.000000,34.192400
15.000000,24.104503
13.000000,18.867379
19.000000,15.196485
12.000000,25.079265
18.000000,26.096350
19.000000,27.174461
24.000000,31.662088
21.000000,36.905157
20.000000,30.331714
21.000000,30.303176
27.000000,34.700698
29.000000,39.806379
22.000000,42.680692
18.000000,39.401757
19.000000,38.987144
17.000000,39.757474
18.000000,35.745640
22.000000,34.924057
28.000000,37.641092
39.000000,43.020737
38.000000,48.788672
42.000000,47.363974
51.000000,48.202032
41.000000,51.913395
48.000000,45.931938
43.000000,49.695705
40.000000,47.680306
46.000000,49.058219
48.000000,52.943380
43.000000,52.404611
42.000000,49.287950
41.000000,48.308018
40.000000,43.968788
40.000000,45.132319
48.000000,45.401123
41.000000,53.572024
31.000000,53.029516
36.000000,45.149466
38.000000,47.164483
40.000000,48.222793
38.000000,45.509807
45.000000,45.870953
44.000000,49.870631
50.000000,49.048081
56.000000,54.203467
56.000000,55.859917
53.000000,56.155424
50.000000,55.314273
54.000000,52.405871
64.000000,54.916151
64.000000,60.694150
63.000000,62.117763
50.000000,62.140556
42.000000,55.002019
35.000000,51.328566
29.000000,47.666152
37.000000,38.800377
50.000000,47.972224
46.000000,57.508207
37.000000,55.219003
31.000000,50.152855
23.000000,43.985817
21.000000,36.350221
18.000000,33.433791
15.000000,28.541145
9.000000,30.334239
8.000000,30.226720
8.000000,21.929684
10.000000,22.280545
8.000000,18.889985
6.000000,15.442759
4.000000,8.694985
7.000000,4.856595
10.000000,15.859694
13.000000,27.588102
5.000000,26.408473
7.000000,14.755409
5.000000,17.470443
11.000000,17.187928
11.000000,23.612519
8.000000,23.239827
14.000000,21.134256
13.000000,29.959551
17.000000,27.153826
13.000000,31.267731
21.000000,25.368776
18.000000,31.062482
11.000000,25.153458
15.000000,14.371837
25.000000,24.717031
21.000000,37.740811
28.000000,35.256409
27.000000,38.793605
35.000000,35.696152
38.000000,39.951518
30.000000,41.232135
36.000000,35.328593
32.000000,40.051950
32.384615,40.700716
32.769231,40.288575
33.153846,41.080713
33.538462,39.386776
33.923077,39.647883
34.307692,38.055005
34.692308,37.667305
35.076923,39.698639
35.461538,42.905125
35.846154,42.569439
36.230769,43.178759
36.615385,41.580853
37.000000,42.039054
37.384615,42.233665
37.769231,42.182444
38.153846,43.632049
38.538462,45.290449
38.923077,45.308500
39.307692,45.427450
39.692308,43.801091
40.076923,44.528563
40.461538,44.831330
40.846154,45.641400
41.230769,45.991246
41.615385,46.559676
42.000000,46.497408
42.384615,47.507429
42.769231,47.654891
43.153846,48.785381
43.538462,49.143623
43.923077,49.396451
44.307692,49.984740
44.692308,50.070645
45.076923,50.355657
45.461538,50.922528
45.846154,51.148369
46.230769,51.661380
46.615385,51.999652
47.000000,52.255193
40.000000,52.615871
34.000000,47.969923
40.000000,43.667048
49.000000,48.600086
53.000000,53.854296
43.000000,56.064585
56.000000,50.070257
58.000000,57.769750
71.000000,58.973773
82.000000,65.272933
119.000000,69.890978
161.000000,99.372009
183.000000,138.149815
197.000000,167.162014
189.000000,170.696360
170.000000,162.939841
129.000000,155.812293
119.000000,120.232738
111.000000,108.616116
84.000000,103.584188
76.000000,87.814687
62.000000,86.734538
41.000000,81.422637
42.000000,73.251656
41.000000,71.750331
39.000000,66.250293
48.000000,64.230196
31.000000,69.735794
29.000000,61.704761
23.000000,60.787895
15.000000,57.107908
5.000000,52.227115
18.000000,49.073989
31.000000,47.167667
17.000000,51.061341
16.000000,47.498643
18.000000,47.620472
33.000000,47.981169
19.000000,50.145454
19.000000,44.790649
24.000000,43.762832
32.000000,42.890318
25.000000,45.121583
29.000000,44.041863
24.000000,45.496359
24.000000,43.910764
23.000000,44.628436
22.000000,42.296221
27.000000,42.059366
33.000000,44.019057
27.000000,46.387922
25.000000,44.711440
25.000000,44.559113
27.000000,43.536666
21.000000,44.198940
19.000000,42.073108
18.000000,41.803771
4.000000,42.820823
21.000000,38.357815
32.000000,43.827411
31.000000,46.354296
29.000000,45.298266
37.000000,44.941479
41.000000,45.836736
34.000000,46.970059
45.000000,46.498412
46.000000,48.502837
51.000000,50.290505
53.000000,52.269539
51.000000,51.672067
51.000000,50.396005
54.000000,51.111833
48.000000,52.899565
54.000000,52.354246
57.000000,55.715579
41.000000,57.492879
38.000000,52.781503
48.000000,51.388345
56.000000,53.330078
53.000000,55.737993
48.000000,56.026315
53.000000,55.169386
45.000000,58.700737
34.000000,56.511399
26.000000,47.004032
22.000000,39.047563
25.000000,28.185552
22.000000,35.483350
24.000000,36.581415
25.000000,27.362000
22.000000,34.934952
23.000000,31.032939
23.000000,25.012908
33.000000,25.927425
35.000000,39.331346
42.500000,45.300400
50.000000,49.525445
39.000000,51.911478
35.000000,46.925728
28.000000,43.633568
26.000000,35.399434
28.000000,33.053375
24.000000,31.048855
20.000000,33.337099
17.000000,31.297515
22.000000,21.074928
19.000000,34.016146
25.000000,26.783180
27.000000,26.482119
28.000000,31.283898
23.000000,35.274284
31.000000,33.691365
27.000000,41.495102
27.000000,38.135665
24.000000,39.918706
30.000000,34.107045
40.000000,32.748491
37.000000,42.376589
46.000000,40.050439
52.000000,48.111760
50.000000,52.498652
50.000000,50.559061
48.000000,51.404075
24.000000,49.019285
23.000000,18.170952
25.000000,17.182191
28.000000,23.444941
27.000000,30.549616
32.000000,32.681703
39.000000,38.891574
42.000000,44.035446
39.000000,46.803334
45.000000,39.412122
42.000000,46.589011
44.000000,44.330973
47.000000,48.122632
46.000000,51.075082
49.000000,50.635691
44.000000,53.193366
46.000000,49.790016
54.000000,46.099918
47.000000,53.912762
52.000000,48.124098
44.000000,53.671715
48.000000,48.233582
48.000000,51.679692
46.000000,52.338217
46.000000,50.163570
46.000000,49.335020
36.000000,52.535123
28.000000,41.816495
27.000000,36.017326
36.000000,36.754864
34.000000,44.999442
38.000000,42.044044
43.000000,45.748386
41.000000,48.449686
49.000000,48.813155
46.000000,51.610397
59.000000,50.156592
45.000000,57.840804
53.000000,50.269792
53.000000,55.173081
40.000000,55.595831
33.000000,45.558822
39.000000,39.073490
47.000000,43.522419
44.000000,50.941053
41.000000,50.663673
43.000000,46.707087
45.000000,48.353597
32.000000,50.855804
26.000000,37.431354
42.000000,30.559230
45.000000,46.842753
35.000000,50.490170
15.000000,42.290638
30.000000,11.318895
27.000000,31.899857
38.000000,27.889687
37.000000,41.746626
39.000000,40.747458
43.000000,41.729040
37.000000,46.845527
48.000000,40.399371
40.000000,48.931517
47.000000,39.741603
49.000000,46.712042
46.000000,50.483353
45.000000,48.400555
48.000000,47.195647
45.000000,49.886807
52.000000,47.392768
56.000000,53.467019
64.000000,55.414879
64.000000,62.867851
47.000000,63.741347
60.000000,49.678554
64.000000,60.105346
68.000000,64.090518
64.000000,66.671740
57.000000,64.916710
55.000000,59.782006
52.000000,59.595508
44.000000,56.715619
44.000000,47.323377
44.000000,47.266997
40.000000,48.760062
41.000000,48.125993
43.000000,49.718670
40.000000,48.055503
50.000000,44.457623
55.000000,53.518144
55.000000,56.779490
66.000000,56.392695
62.000000,65.692383
56.000000,62.390974
66.000000,58.428288
74.000000,65.267834
76.000000,71.233079
86.000000,74.888300
54.000000,81.538840
40.000000,55.174168
30.000000,36.193837
43.000000,28.750211
60.000000,48.615760
48.000000,63.207270
55.000000,53.020396
60.000000,60.660580
64.000000,67.952918
73.000000,64.990072
73.000000,71.700804
79.000000,69.136122
78.000000,74.773315
74.000000,79.061514
65.000000,73.955597
56.000000,67.125907
36.000000,61.962486
21.000000,33.224642
24.000000,12.680457
23.000000,31.402925
34.000000,33.766170
34.000000,36.583507
29.000000,35.543555
23.000000,11.353966
36.000000,10.149617
42.000000,29.065881
36.000000,43.293492
45.000000,42.122416
39.000000,46.045599
43.000000,32.269474
54.000000,38.686488
51.000000,49.322255
52.000000,49.250979
55.000000,48.155426
50.000000,54.879631
43.000000,51.516099
43.000000,43.263203
47.000000,37.490994
57.000000,45.963050
28.000000,56.840645
18.000000,30.532966
29.000000,8.416358
41.000000,36.401366
35.000000,48.313900
28.000000,41.084050
31.000000,26.776984
26.000000,31.167750
29.000000,21.108570
24.000000,36.249765
26.000000,28.342295
22.000000,34.797876
28.000000,32.301657
29.000000,35.425038
25.000000,33.295009
38.000000,27.664344
39.000000,38.159723
38.000000,44.331419
34.000000,41.163570
29.000000,41.021131
31.000000,37.889557
34.000000,37.823961
28.000000,39.440328
26.000000,34.527944
33.000000,28.398111
29.000000,43.506995
22.000000,36.189342
19.000000,32.183689
25.000000,28.380899
31.000000,33.919334
34.000000,38.421726
20.000000,39.353773
16.000000,27.352604
23.000000,18.932694
20.000000,27.866945
21.000000,30.974094
24.000000,31.569494
19.000000,33.811678
23.000000,24.723121
30.000000,28.514585
31.000000,37.224084
31.000000,34.383572
29.000000,31.015944
39.000000,31.876894
38.000000,40.854100
34.000000,39.393674
32.000000,33.539059
33.000000,31.927153
41.000000,37.415403
46.000000,43.292169
38.000000,47.481727
34.000000,39.842068
45.000000,35.125873
35.000000,45.535163
35.000000,33.214470
35.000000,33.020786
32.000000,39.120703
40.000000,34.119641
36.000000,44.370229
34.000000,37.312408
33.000000,36.222044
36.000000,33.309674
38.000000,36.946553
45.000000,38.966178
40.000000,46.675008
48.000000,42.410765
49.000000,51.553880
57.000000,49.880802
58.000000,55.073336
57.000000,56.805484
48.000000,55.398073
49.000000,49.169131
50.000000,51.308127
49.000000,51.248529
54.000000,52.693348
50.000000,55.735225
33.000000,54.709575
35.000000,39.087018
38.000000,40.276408
31.000000,42.012014
35.000000,35.509326
36.000000,40.654499
38.000000,42.230410
41.000000,46.604833
44.000000,50.281315
46.000000,49.968742
41.000000,51.030400
57.000000,45.549102
61.000000,56.812656
59.000000,59.901921
53.000000,59.165990
39.000000,56.073801
39.000000,46.728772
53.000000,44.284906
54.000000,55.667507
36.000000,55.366431
18.000000,43.216563
21.000000,24.430926
14.000000,23.802642
10.000000,16.464632
15.000000,9.651974
15.000000,16.934430
17.000000,22.517171
14.000000,17.777017
12.000000,17.686557
13.000000,21.388256
15.000000,17.345378
16.000000,24.292060
11.000000,24.032030
8.000000,12.324536
11.000000,14.717732
14.000000,14.218036
8.000000,16.319550
12.000000,11.866476
10.000000,14.391818
9.000000,13.771590
10.000000,13.378323
12.000000,12.217803
14.000000,20.571997
9.000000,16.411390
16.000000,14.600472
24.000000,29.905883
17.000000,33.753696
24.000000,29.396359
26.000000,34.207509
27.000000,34.418630
30.000000,37.232205
25.000000,37.291146
22.000000,34.339042
18.000000,32.198090
21.000000,25.183089
21.000000,29.072611
17.000000,24.340396
12.000000,16.250620
11.000000,17.580693
15.000000,8.891956
9.000000,14.578174
16.000000,12.400885
13.000000,19.186984
16.000000,13.791808
17.000000,14.485190
23.000000,16.930852
24.000000,30.276680
19.000000,30.085570
30.000000,25.752944
28.000000,37.605578
32.000000,32.944561
37.000000,36.977679
40.000000,39.182301
42.000000,41.052153
53.000000,43.969007
41.000000,50.103596
39.000000,42.512382
45.000000,42.648703
43.000000,46.140675
42.000000,44.671469
38.000000,44.426365
25.000000,41.974958
57.000000,32.388118
62.000000,56.527103
60.000000,55.825759
63.000000,54.893391
68.000000,57.410799
62.000000,58.928091
36.000000,57.076589
28.000000,44.205149
15.000000,37.987405
25.000000,33.982328
33.000000,41.349226
37.000000,46.281977
30.000000,49.455501
38.000000,46.348628
35.000000,49.514092
40.000000,42.725626
39.000000,44.577993
29.000000,47.334529
31.000000,43.133826
31.000000,45.064954
37.000000,45.209838
34.000000,48.947596
26.000000,47.133791
30.000000,34.919562
36.000000,38.206569
39.000000,45.441047
36.000000,46.407113
31.000000,44.882516
28.000000,41.350555
25.000000,40.861745
54.000000,35.325519
76.000000,53.143654
71.000000,64.243280
42.000000,63.284155
15.000000,48.991313
12.000000,27.872532
10.000000,26.725997
13.000000,28.529214
17.000000,25.680505
17.000000,19.934555
24.000000,34.226783
11.000000,43.835862
12.000000,23.079854
15.000000,26.550536
17.000000,28.837223
17.000000,32.410906
14.000000,28.632999
19.000000,23.741904
15.000000,37.882785
20.000000,32.848367
20.000000,30.500271
14.000000,23.644437
17.000000,19.158674
18.000000,24.952041
18.000000,21.713388
27.000000,14.105589
18.000000,36.677749
14.000000,31.020625
20.000000,15.707698
15.000000,24.073887
29.000000,21.708893
22.000000,37.230669
19.000000,27.089147
20.000000,23.304226
21.000000,36.137424
27.000000,36.112032
20.000000,34.411359
23.000000,19.341437
21.000000,25.755249
12.000000,21.623614
17.000000,2.086395
26.000000,18.383346
23.000000,38.681853
28.000000,36.676439
23.000000,28.231237
27.000000,17.638940
25.000000,25.109886
28.000000,24.560593
27.000000,28.451449
30.000000,29.238834
31.000000,38.335959
27.000000,37.987113
37.000000,27.688878
44.000000,38.278226
49.000000,44.650832
32.000000,47.543507
19.000000,32.111484
24.000000,20.263259
27.000000,35.902950
20.000000,35.109934
23.000000,14.709427
33.000000,21.369127
36.000000,37.649280
28.000000,41.980954
31.000000,32.368835
15.000000,34.826151
26.000000,21.972508
29.000000,32.609847
28.000000,31.059848
33.000000,34.692782
24.000000,41.927098
41.000000,35.559291
35.000000,44.392898
41.000000,38.174030
28.000000,42.325215
28.000000,28.849312
35.000000,32.809040
33.000000,38.701012
35.000000,39.792484
40.000000,40.379420
46.000000,44.329132
40.000000,48.227648
41.000000,42.393759
42.000000,43.590702
49.000000,44.120237
48.000000,49.863894
41.000000,50.487457
41.000000,45.423707
39.000000,46.965156
38.000000,44.604979
55.000000,42.886588
56.000000,54.018193
52.000000,54.645524
48.000000,54.312641
51.000000,52.238616
53.000000,53.308627
51.000000,54.684806
56.000000,53.516286
67.000000,55.523535
65.000000,64.118444
70.000000,63.485361
75.000000,66.339253
91.000000,69.805873
96.000000,79.117708
77.000000,81.872169
65.000000,69.589858
35.000000,63.807769
38.000000,48.157926
39.000000,50.477455
38.000000,51.243168
38.000000,48.838576
37.000000,54.952368
29.000000,55.999929
36.000000,46.174779
25.000000,49.639126
25.000000,36.968458
24.000000,38.362866
26.000000,35.623077
31.000000,34.122136
26.000000,45.291122
25.000000,42.944541
24.000000,39.473704
22.000000,37.586170
19.000000,31.898469
19.000000,30.417889
25.000000,29.227541
25.000000,31.259179
24.000000,37.423169
27.000000,35.104688
28.000000,33.404321
38.000000,35.960535
25.000000,44.511558
24.000000,35.168852
33.000000,34.082856
31.000000,40.166435
29.000000,42.287116
32.000000,40.412599
24.000000,40.082051
30.000000,29.487361
32.000000,38.540967
34.000000,39.919140
31.000000,41.611442
34.000000,39.696661
19.000000,44.547693
34.000000,38.178138
33.000000,42.779691
32.000000,39.715236
28.000000,38.733826
32.000000,34.621077
27.000000,39.597904
34.000000,34.840437
35.000000,44.357615
39.000000,45.376403
39.000000,45.643825
42.000000,43.494640
35.000000,45.996528
33.000000,40.472809
37.000000,40.006027
38.000000,42.822191
40.000000,46.799361
29.000000,48.731035
34.000000,37.600072
44.000000,39.652000
51.000000,48.567373
56.000000,52.017542
62.000000,55.709083
66.000000,59.881934
60.000000,63.280524
59.000000,59.536703
60.000000,57.979660
64.000000,58.729176
71.000000,62.004367
56.000000,65.740611
29.000000,58.022096
32.000000,34.607238
40.000000,39.472870
41.000000,46.976809
46.000000,46.785180
55.000000,51.667920
60.000000,60.035106
74.000000,64.269300
69.000000,69.849621
72.000000,63.599457
65.000000,66.728879
50.000000,62.973495
57.000000,54.629086
62.000000,59.720519
56.000000,64.561753
52.000000,62.335572
52.000000,61.249600
62.000000,58.469095
57.000000,65.493073
53.000000,61.759046
48.000000,56.342358
52.000000,54.458614
49.000000,57.223292
51.000000,55.516160
47.000000,57.093066
49.000000,55.182512
50.000000,57.256582
48.000000,57.434449
46.000000,52.618208
51.000000,50.954585
47.000000,53.587070
50.000000,50.339969
61.000000,52.492335
63.000000,62.760335
65.000000,64.834385
60.000000,65.661901
59.000000,61.611000
71.000000,59.694705
58.000000,70.481752
54.000000,58.273182
47.000000,54.326998
60.000000,51.239688
56.000000,61.796032
54.000000,57.189230
61.000000,56.727149
63.000000,62.313256
55.000000,64.795464
61.000000,53.633702
74.000000,60.451450
82.000000,73.203357
105.000000,82.854074
165.000000,107.600407
196.000000,176.746512
194.000000,211.621997
177.000000,219.250311
181.000000,204.757053
198.000000,209.367730
218.000000,211.883562
203.000000,221.642398
193.000000,212.276711
194.000000,166.285461
203.000000,160.340207
197.000000,167.785400
180.000000,165.822664
169.000000,153.777803
158.000000,143.120479
165.000000,139.346987
165.000000,144.813832
158.000000,145.368776
175.000000,142.748420
167.000000,156.119966
121.000000,148.530781
88.000000,118.617568
70.000000,100.557263
49.000000,91.279930
42.000000,83.508779
35.000000,80.116397
60.000000,75.903271
68.000000,88.974491
53.000000,91.183958
49.000000,76.904141
51.000000,69.458491
43.000000,66.490144
55.000000,61.096954
39.000000,62.280937
38.000000,55.191497
51.000000,58.962310
60.000000,64.523268
51.000000,63.356834
47.000000,57.793490
38.000000,55.218394
36.000000,50.990247
28.000000,50.725648
22.000000,45.602159
21.000000,45.146441
17.000000,47.493131
31.000000,47.380739
28.000000,49.100949
34.000000,47.368280
25.000000,47.146717
29.000000,44.693191
45.000000,43.087214
36.000000,45.780219
35.000000,45.236402
32.000000,46.064674
29.000000,46.637607
31.000000,45.221552
29.000000,45.912444
34.000000,43.922408
51.000000,44.090311
68.000000,48.898353
88.000000,53.048708
103.000000,59.950124
107.000000,65.118770
118.000000,64.893037
128.000000,69.369183
118.000000,70.558210
101.000000,67.294256
78.000000,65.215277
54.000000,61.427087
49.000000,58.680467
47.000000,59.608339
38.000000,58.823116
46.000000,58.141468
41.000000,61.621424
48.000000,59.346103
33.000000,60.196297
34.000000,54.334611
35.000000,54.069922
33.000000,55.163003
28.000000,54.710574
24.000000,52.291621
23.000000,52.482935
21.000000,51.287664
21.000000,51.174811
26.000000,48.756623
26.000000,47.526737
32.000000,41.469889
25.000000,44.591948
25.000000,43.348799
27.000000,45.536382
24.000000,45.375498
13.000000,38.718017
24.000000,27.477848
25.000000,36.460763
23.000000,38.583826
23.000000,39.929159
25.000000,42.619122
34.000000,44.328028
38.000000,46.877984
26.000000,46.877438
29.000000,40.725868
27.000000,43.464005
31.000000,43.297401
28.000000,45.622514
32.000000,44.994287
36.000000,46.463832
29.000000,48.684289
33.000000,45.099266
30.000000,44.503552
32.000000,43.465778
34.000000,45.368324
32.000000,46.840534
37.000000,46.482564
36.000000,48.622539
34.000000,49.194300
43.000000,46.459519
45.000000,49.643240
49.000000,50.156986
54.000000,52.784108
42.000000,55.328812
45.000000,50.313079
40.000000,52.163160
41.000000,50.538813
27.000000,49.616196
26.000000,41.476076
31.000000,39.489919
30.000000,47.577024
29.000000,48.432136
34.000000,47.934196
35.000000,50.921351
45.000000,50.256165
41.000000,53.425571
36.000000,47.994247
38.000000,39.184858
32.000000,41.623848
37.000000,36.172916
33.000000,38.678696
31.000000,35.578905
29.000000,31.392088
31.000000,30.966456
30.000000,33.570182
28.000000,27.140671
28.000000,25.780419
34.000000,27.657804
44.000000,34.709308
44.000000,46.741847
56.000000,46.147659
64.000000,55.404106
62.000000,58.929959
67.000000,57.903140
61.000000,60.783595
59.000000,57.507176
67.000000,56.945521
73.000000,63.351328
72.000000,67.320204
67.000000,68.589134
57.000000,65.599261
58.000000,59.808949
61.000000,61.416597
56.000000,62.209116
65.000000,58.965113
65.000000,66.995587
55.000000,68.235140
51.000000,62.362828
60.000000,59.445781
78.000000,63.363579
90.000000,75.151940
80.000000,83.906750
101.000000,75.974824
108.000000,96.573516
102.000000,102.962759
97.000000,95.837819
91.000000,90.926722
91.000000,86.229267
88.000000,89.777172
70.000000,88.420190
75.000000,74.061567
98.000000,81.438357
111.000000,98.192168
84.000000,109.893955
60.000000,86.415675
53.000000,69.234465
43.000000,65.384066
35.000000,59.961876
20.000000,45.818851
27.000000,38.661698
28.000000,55.248724
36.000000,57.518610
34.000000,53.923596
43.000000,45.960097
35.000000,51.871533
30.000000,46.856110
28.000000,34.431465
26.000000,39.658862
31.000000,45.029620
19.000000,48.928982
11.000000,28.562944
14.000000,11.609183
13.000000,14.319757
11.000000,24.109907
7.000000,12.555635
4.000000,26.662840
11.000000,31.538322
15.000000,34.098229
19.000000,25.236532
20.000000,28.782922
18.000000,29.702311
23.000000,34.271818
22.000000,34.990741
33.000000,40.149243
33.000000,44.278918
33.000000,45.073554
31.000000,43.522402
40.000000,42.215615
43.000000,46.510017
40.000000,48.505075
40.000000,46.894133
47.000000,48.144698
51.000000,51.597875
40.000000,53.511475
40.000000,49.460046
34.000000,48.688097
37.000000,46.246611
38.000000,48.948203
38.000000,48.054029
34.000000,49.805686
45.000000,50.075325
42.000000,54.241215
42.000000,51.563289
41.000000,51.185262
46.000000,50.849128
50.000000,53.996558
48.000000,55.111672
60.000000,54.567731
59.000000,58.975673
57.000000,60.725534
49.000000,59.432469
45.000000,55.426510
47.000000,52.854005
47.000000,54.463540
45.000000,53.217056
41.000000,52.511815
50.000000,54.389626
43.000000,59.351981
38.000000,53.936059
37.000000,46.283617
39.000000,43.548102
40.000000,46.603490
47.000000,48.139279
57.000000,53.105786
44.000000,59.011415
54.000000,52.985957
45.000000,57.734324
45.000000,50.903005
43.000000,49.898651
40.000000,49.650142
53.000000,47.774557
47.000000,56.935432
47.000000,55.399137
52.000000,53.322162
56.000000,57.285538
67.000000,57.637638
61.000000,63.481065
51.000000,60.243879
60.000000,54.243438
56.000000,61.618932
57.000000,59.047585
47.000000,58.573470
41.000000,52.855149
50.000000,48.086681
61.000000,56.828885
47.000000,63.360035
32.000000,50.663677
19.000000,36.936512
27.000000,12.494060
35.000000,19.002301
38.000000,33.138898
38.000000,39.982042
40.000000,42.688160
37.000000,43.232966
45.000000,36.841946
46.000000,44.712709
48.000000,46.964247
61.000000,46.535191
65.000000,58.902098
62.000000,63.011880
31.000000,60.947818
26.000000,25.787067
23.000000,17.438616
34.000000,11.181167
23.000000,35.256963
24.000000,10.550147
23.000000,12.298434
33.000000,18.184595
22.000000,31.174846
28.000000,12.901918
29.000000,24.418677
36.000000,30.490674
36.000000,41.196222
27.000000,39.181566
30.000000,28.139247
33.000000,34.642464
50.000000,35.125770
73.000000,50.312586
60.000000,66.446532
55.000000,57.828132
43.000000,55.636704
46.000000,45.113850
44.000000,46.279305
51.000000,45.255686
46.000000,50.546943
46.000000,50.103924
46.000000,54.087353
52.000000,51.588181
48.000000,55.831038
55.000000,51.070964
54.000000,56.573308
51.000000,55.634120
44.000000,52.023163
48.000000,49.029945
40.000000,54.630347
42.000000,47.450086
31.000000,48.669653
33.000000,35.194425
30.000000,41.065874
27.000000,38.402147
33.000000,30.917515
31.000000,36.605160
35.000000,35.654523
40.000000,40.096632
37.000000,45.725051
41.000000,41.449337
36.000000,46.124185
42.000000,41.805168
30.000000,44.336669
32.000000,33.651827
44.000000,39.401251
49.000000,47.896363
52.000000,51.450233
53.000000,53.148998
50.000000,54.639974
52.000000,51.941700
53.000000,52.812919
49.000000,53.619700
50.000000,52.290267
46.000000,53.694565
56.000000,48.131909
57.000000,58.740982
73.000000,60.558590
72.000000,70.327663
58.000000,71.205578
57.000000,59.594101
71.000000,58.724039
80.000000,68.492690
87.000000,76.676359
84.000000,81.324541
87.000000,79.495332
57.000000,83.186035
41.000000,63.291713
23.000000,48.412341
27.000000,29.801646
30.000000,31.088970
52.000000,32.514120
67.000000,61.787339
54.000000,72.321411
65.000000,64.747607
69.000000,67.310385
62.000000,68.088924
75.000000,60.874751
74.000000,71.399949
98.000000,71.554809
85.000000,94.987901
87.000000,87.402719
81.000000,85.781147
86.000000,82.781227
83.000000,85.415554
84.000000,79.433877
85.000000,83.455705
97.000000,85.280721
74.000000,98.363637
64.000000,79.971778
109.000000,71.108695
90.000000,111.988297
79.000000,92.057286
87.000000,81.031952
113.000000,88.257027
100.000000,112.508927
83.000000,99.079951
92.000000,85.172193
67.000000,89.664951
58.000000,77.869979
56.000000,69.148242
57.000000,66.252079
81.000000,67.985637
79.000000,87.886676
78.000000,85.136808
65.000000,82.667330
49.000000,72.614352
54.000000,57.758878
42.000000,57.728747
44.000000,46.744278
43.000000,48.219882
42.000000,60.669438
48.000000,57.705710
32.000000,52.106504
28.000000,32.678939
35.000000,23.099652
41.000000,26.833042
40.000000,40.648104
51.000000,40.082442
48.000000,57.401355
50.000000,55.229347
51.000000,48.754861
56.000000,52.005768
77.000000,56.054406
77.000000,72.832532
72.000000,73.121493
78.000000,69.175922
77.000000,73.023490
91.000000,71.710913
112.000000,87.715278
109.000000,104.239594
102.000000,98.915169
101.000000,99.088062
96.000000,96.681312
91.000000,91.213408
77.000000,84.772394
72.000000,75.880343
47.000000,77.421440
48.000000,64.124640
50.000000,65.304741
81.000000,65.340874
83.000000,87.260940
77.000000,87.764547
67.000000,80.704955
67.000000,72.784229
62.000000,73.544856
64.000000,67.387057
68.000000,68.083857
86.000000,71.401479
92.000000,89.721807
94.000000,94.627664
87.000000,91.213391
72.000000,86.012250
46.000000,75.073924
33.000000,53.615483
27.000000,50.999525
28.000000,36.083339
23.000000,43.429471
22.000000,42.894821
13.000000,50.657360
20.000000,29.201533
11.000000,13.849162
25.000000,32.874987
24.000000,37.566849
26.000000,32.743826
30.000000,37.698270
27.000000,41.172495
41.000000,40.506041
31.000000,47.554084
31.000000,36.688496
28.000000,44.441507
23.000000,42.613488
16.000000,38.187296
21.000000,34.248206
19.000000,36.772315
24.000000,33.380456
31.000000,32.751454
32.000000,36.086868
31.000000,44.900768
29.000000,43.947785
23.000000,42.291154
28.000000,40.558173
30.000000,42.757473
23.000000,43.111342
28.000000,37.901078
39.000000,38.629809
35.000000,49.031656
47.000000,46.626385
42.000000,52.276091
39.000000,49.450633
34.000000,49.083837
33.000000,47.508669
27.000000,45.905833
19.000000,43.122492
20.000000,43.660460
16.000000,42.411103
18.000000,40.959348
82.000000,44.046411
107.000000,69.569369
73.000000,83.353827
75.000000,64.435138
71.000000,66.224011
89.000000,62.338725
95.000000,73.095782
92.000000,75.688498
82.000000,72.114184
79.000000,78.264045
72.000000,78.138428
47.000000,70.766680
43.000000,57.634992
56.000000,53.310379
54.000000,63.813320
61.000000,63.556930
58.000000,66.154934
61.000000,68.366798
50.000000,69.807204
43.000000,62.409023
43.000000,54.799409
31.000000,53.241805
34.000000,51.092729
33.000000,53.346767
24.000000,53.776759
39.000000,46.742474
32.000000,56.632775
37.000000,48.651569
34.000000,47.113238
30.000000,45.729922
48.000000,45.334261
48.000000,55.002101
52.000000,55.291305
62.000000,54.961515
55.000000,61.786198
55.000000,56.942685
51.000000,56.685315
50.000000,53.764305
38.000000,53.064685
33.000000,49.558898
40.000000,47.957188
35.000000,49.697310
38.000000,50.633149
51.000000,48.354798
67.000000,56.596643
74.000000,65.970507
75.000000,68.577032
77.000000,68.556560
59.000000,68.310183
58.000000,59.912272
66.000000,59.264069
67.000000,64.160374
70.000000,66.916262
58.000000,71.349199
60.000000,64.537936
59.000000,65.537702
58.000000,64.901032
60.000000,60.779011
60.000000,61.785692
64.000000,62.356664
59.000000,66.509764
54.000000,64.426125
47.000000,60.224402
44.000000,55.856192
48.000000,53.945387
41.000000,53.694629
52.000000,51.736361
72.000000,55.364131
112.000000,75.713588
87.000000,115.029765
68.000000,85.641018
75.000000,69.727200
63.000000,74.369653
78.000000,65.508967
77.000000,77.398258
76.000000,78.268284
57.000000,79.930011
43.000000,70.492751
53.000000,53.670666
54.000000,55.818774
52.000000,59.555255
55.000000,55.691845
46.000000,59.614404
51.000000,49.945413
46.000000,53.714976
36.000000,56.813364
32.000000,43.405355
21.000000,30.404797
16.000000,24.605695
23.000000,7.811452
17.000000,18.043514
30.000000,7.623064
35.000000,10.974085
32.000000,38.559414
38.000000,28.889436
33.000000,34.269870
33.000000,35.914075
28.000000,31.954247
28.000000,28.964308
39.000000,27.879893
30.000000,27.580486
31.000000,32.521334
31.000000,28.342882
38.000000,23.443710
37.000000,39.793445
43.000000,37.790414
25.000000,43.911253
28.000000,30.121697
41.000000,18.779427
69.000000,47.862273
77.000000,65.692413
67.000000,72.585814
49.000000,65.251390
47.000000,52.142126
44.000000,51.406258
41.000000,49.218053
23.000000,44.054492
23.000000,39.629773
22.000000,35.710194
17.000000,31.340040
24.000000,30.211093
18.000000,30.396692
33.000000,29.892938
40.000000,43.303973
42.000000,44.746019
39.000000,49.227880
42.000000,47.172619
43.000000,48.122410
43.000000,48.867482
47.000000,47.298303
44.000000,50.080541
41.000000,50.120548
45.000000,47.059955
44.000000,53.621687
37.000000,51.039931
47.000000,43.956582
57.000000,52.537551
54.000000,58.101057
62.000000,57.116792
63.000000,61.905007
62.000000,63.242949
71.000000,62.204292
82.000000,67.145018
80.000000,73.340391
76.000000,73.093978
88.000000,72.334511
88.000000,80.398020
78.000000,80.229765
81.000000,76.364959
76.000000,78.138742
78.000000,75.314724
77.000000,77.181820
73.000000,76.130676
67.000000,73.756342
64.000000,71.891504
62.000000,70.298862
57.000000,68.402984
57.000000,65.603591
50.000000,65.252918
54.000000,62.364576
65.000000,64.007139
59.000000,70.403832
50.000000,66.018345
54.000000,60.133310
47.000000,60.696234
39.000000,55.417067
34.000000,46.140866
34.000000,44.513497
37.000000,41.919211
33.000000,42.015685
41.000000,40.105223
30.000000,45.313472
23.000000,28.837228
19.000000,26.007215
28.000000,24.311506
17.000000,38.738792
27.000000,28.204335
33.000000,28.344458
44.000000,39.930658
39.000000,44.284459
39.000000,37.053743
38.000000,42.268627
32.000000,43.143050
26.000000,41.393322
20.000000,38.101177
28.000000,24.721689
45.000000,36.339829
59.000000,46.319263
76.000000,57.762368
74.000000,70.826450
66.000000,68.108906
60.000000,62.220855
53.000000,57.215043
65.000000,52.131912
74.000000,61.312131
76.000000,71.472772
79.000000,75.011889
77.000000,79.276523
72.000000,76.785720
68.000000,71.110241
67.000000,67.066282
57.000000,65.947540
51.000000,61.025842
44.000000,55.051052
30.000000,50.407170
29.000000,43.835365
24.000000,45.702031
27.000000,41.560442
31.000000,46.454553
30.000000,46.202029
42.000000,43.524351
43.000000,46.570381
36.000000,46.156178
40.000000,44.804654
47.000000,48.513925
44.000000,52.838545
42.000000,51.955050
38.000000,49.987885
27.000000,43.102272
32.000000,15.800118
32.000000,27.935655
31.000000,38.504920
33.000000,40.251093
36.000000,40.660002
41.000000,44.906739
40.000000,47.517450
46.000000,44.644190
51.000000,45.385191
50.000000,52.377747
57.000000,53.616429
46.000000,57.379960
46.000000,51.633863
43.000000,52.269454
52.000000,50.044798
55.000000,54.932357
43.000000,56.121049
40.000000,47.606310
44.000000,49.632802
44.000000,52.834140
38.000000,50.719128
38.000000,47.583126
48.000000,46.338463
54.000000,53.247403
51.000000,57.203129
54.000000,52.319413
53.000000,56.251716
57.000000,55.983011
54.000000,58.181148
51.000000,55.280718
52.000000,53.028731
53.000000,54.474416
66.000000,55.417748
52.000000,66.459463
40.000000,57.141909
31.000000,46.144908
28.000000,37.223215
29.000000,29.988729
32.000000,27.621863
59.000000,31.298767
68.000000,61.562431
50.000000,71.593707
47.000000,56.410933
53.000000,52.116646
49.000000,55.936249
53.000000,52.337085
41.000000,54.758528
38.000000,43.301005
37.000000,38.344199
31.000000,40.738105
30.000000,33.830616
29.000000,31.756164
43.000000,31.515111
51.000000,45.965052
50.000000,53.240982
47.000000,51.035120
59.000000,48.186479
57.000000,59.029810
49.000000,56.324550
31.000000,49.990891
32.000000,34.632870
32.000000,34.492431
28.000000,34.268453
33.000000,26.386938
29.000000,27.877351
26.000000,20.184424
21.000000,22.108199
34.000000,15.026132
31.000000,35.787145
36.000000,31.667357
34.000000,37.420749
35.000000,34.465281
34.000000,28.931961
31.000000,32.714769
31.000000,33.222881
29.000000,34.227785
29.000000,30.685901
36.000000,28.063030
33.000000,36.145332
40.000000,31.004150
37.000000,38.261211
37.000000,37.114385
43.000000,37.669201
45.000000,44.112487
50.000000,47.521671
50.000000,50.908842
46.000000,51.601414
57.000000,47.912745
50.000000,56.786560
45.000000,50.778720
35.000000,47.620707
36.000000,38.853223
35.000000,38.470114
29.000000,38.113050
30.000000,30.693925
36.000000,30.048013
42.000000,38.328493
43.000000,47.448327
36.000000,47.527223
33.000000,39.547425
41.000000,36.522192
33.000000,45.106006
33.000000,36.279253
37.000000,35.283227
38.000000,40.157313
41.000000,43.410597
40.000000,45.175579
42.000000,41.854898
33.000000,43.687044
27.000000,31.715577
28.000000,23.304292
26.000000,24.276687
31.000000,21.658498
30.000000,31.396616
28.000000,32.516778
31.000000,29.981421
36.000000,31.720641
27.000000,38.790262
26.000000,27.556528
32.000000,24.597884
34.000000,34.883204
32.000000,36.768293
31.000000,34.939110
39.000000,33.166297
39.000000,41.977138
42.000000,41.607836
50.000000,43.334125
47.000000,49.728602
45.000000,48.665040
52.000000,47.003025
44.000000,52.359487
32.000000,45.702305
28.000000,30.200368
33.000000,27.697482
41.000000,32.462472
48.000000,43.593620
54.000000,50.986591
46.000000,55.245708
40.000000,49.569132
37.000000,42.234121
47.000000,39.050035
46.000000,48.322441
47.000000,48.260002
42.000000,50.926448
56.000000,46.372557
58.000000,58.620729
47.000000,59.651934
46.000000,49.435936
57.000000,46.872510
57.000000,57.560819
61.000000,57.595521
61.000000,61.425851
64.000000,61.613319
37.000000,66.160185
38.000000,39.522347
39.000000,39.771301
36.000000,41.046216
42.000000,41.772146
49.000000,49.252326
77.000000,55.566272
74.000000,75.072340
78.000000,75.318466
71.000000,73.685540
66.000000,67.114377
59.000000,63.719493
63.000000,59.701623
63.000000,63.103167
62.000000,64.667173
54.000000,68.346255
52.000000,60.861031
55.000000,59.583404
55.000000,60.966240
52.000000,59.795740
56.000000,55.826612
58.000000,60.334409
58.000000,61.781577
75.000000,63.228621
83.000000,75.393155
92.000000,80.465763
74.000000,86.989063
39.000000,73.404856
50.000000,44.548031
52.000000,54.429609
69.000000,53.612162
94.000000,69.542735
102.000000,96.453364
97.000000,103.091819
91.000000,97.807302
93.000000,91.069401
94.000000,86.412967
94.000000,92.056894
100.000000,95.286079
99.000000,103.995131
96.000000,104.911620
98.000000,99.950500
97.000000,100.310469
101.000000,98.450908
103.000000,99.717842
107.000000,105.111132
102.000000,112.021254
123.000000,107.328748
114.000000,127.957655
114.000000,113.785294
113.000000,112.669325
104.000000,114.688925
91.000000,106.303843
74.000000,96.502404
61.000000,83.961399
64.000000,73.763984
69.000000,79.930050
67.000000,80.852486
62.000000,79.506743
63.000000,76.811308
55.000000,76.695705
55.000000,68.939749
59.000000,65.467717
63.000000,64.905161
58.000000,70.926611
63.000000,67.885286
52.000000,70.293050
52.000000,62.640702
69.000000,62.098739
68.000000,70.673153
68.000000,68.967115
77.000000,69.754242
73.000000,75.123198
46.000000,72.410996
31.000000,58.370478
34.000000,43.652031
49.000000,45.987218
42.000000,56.540752
45.000000,49.463292
40.000000,52.236714
39.000000,56.398809
44.000000,54.347418
44.000000,53.764587
35.000000,50.719590
40.000000,46.682426
56.000000,48.995381
50.000000,59.222321
54.000000,54.656517
50.000000,59.836398
45.000000,57.548360
42.000000,54.707412
39.000000,51.796064
46.000000,48.479185
47.000000,50.865404
48.000000,51.925953
50.000000,51.667846
61.000000,58.070339
45.000000,63.004187
31.000000,54.236287
34.000000,47.592331
38.000000,48.006989
26.000000,47.371402
52.000000,37.523520
54.000000,56.830621
45.000000,59.776737
36.000000,55.028336
57.000000,48.439187
74.000000,58.468518
48.000000,67.781066
58.000000,53.812063
69.000000,59.029020
70.000000,70.769624
81.000000,70.840529
94.000000,78.257888
115.000000,84.695365
119.000000,103.970270
122.000000,112.786869
130.000000,120.565286
136.000000,133.663680
126.000000,152.333889
127.000000,135.948617
126.000000,136.916232
135.000000,132.116659
129.000000,133.535606
125.000000,125.913154
98.000000,124.033706
86.000000,99.007653
71.000000,93.473103
51.000000,83.090331
48.000000,71.447201
40.000000,71.002658
38.000000,70.541326
38.000000,69.408720
29.000000,68.729186
33.000000,61.214639
32.000000,60.546317
32.000000,54.901046
28.000000,53.071745
34.000000,51.817104
32.000000,55.993495
31.000000,54.723113
28.000000,54.079659
27.000000,49.186670
39.000000,46.772939
32.000000,48.219189
35.000000,44.216149
36.000000,47.959306
50.000000,50.695086
50.000000,54.929153
33.000000,54.806285
39.000000,47.594212
38.000000,49.104035
35.000000,47.263548
58.000000,46.469970
59.000000,57.264492
69.000000,56.899471
68.000000,62.627774
59.000000,62.627983
60.000000,56.500063
58.000000,58.314328
57.000000,58.824460
55.000000,57.611739
68.000000,59.530529
71.000000,63.674340
73.000000,67.628755
80.000000,68.480253
83.000000,68.827481
96.000000,72.328395
106.000000,82.988078
108.000000,86.847474
125.000000,88.114201
135.000000,97.542383
124.000000,107.287830
126.000000,99.716006
124.000000,103.135375
123.000000,103.517813
117.000000,109.996167
115.000000,103.825796
128.000000,103.018691
136.000000,108.601752
136.000000,115.406973
128.000000,115.628537
137.000000,111.394400
133.000000,118.130868
123.000000,119.744266
115.000000,110.585638
106.000000,105.864890
107.000000,100.065932
105.000000,102.223496
111.000000,101.590640
114.000000,105.096432
118.000000,108.793269
100.000000,111.605095
62.000000,98.404432
55.000000,77.841997
34.000000,73.717644
26.000000,66.325537
35.000000,63.089505
41.000000,66.407074
51.000000,69.548824
75.000000,73.684717
68.000000,80.242642
56.000000,71.184287
40.000000,64.268975
37.000000,55.686555
21.000000,53.696068
22.000000,50.301616
31.000000,51.683918
34.000000,55.919519
27.000000,58.870718
31.000000,51.189327
32.000000,52.266287
34.000000,49.823235
33.000000,49.609682
32.000000,47.845297
36.000000,48.041521
32.000000,50.829604
36.000000,51.022680
32.000000,50.319774
39.000000,49.346610
38.000000,50.080579
40.000000,49.898586
44.000000,49.524414
50.000000,50.476689
37.000000,53.471682
35.000000,50.097553
32.000000,49.304534
25.000000,48.455594
24.000000,47.100800
16.000000,46.886518
24.000000,44.835124
24.000000,47.152180
23.000000,48.367529
27.000000,46.596854
24.000000,47.383286
22.000000,46.427778
27.000000,45.305733
32.000000,46.431447
20.000000,46.811783
35.000000,44.922036
27.000000,49.312859
33.000000,46.522481
25.000000,48.452596
27.000000,45.753729
27.000000,45.891217
32.000000,46.350686
36.000000,47.811899
45.000000,47.903447
37.000000,52.821528
29.000000,49.236263
31.000000,46.378267
35.000000,45.298640
30.000000,47.096373
35.000000,45.026140
38.000000,48.541462
44.000000,49.740536
44.000000,54.245647
42.000000,52.276223
46.000000,46.881249
42.000000,47.843650
42.000000,42.774076
43.000000,42.540419
41.000000,44.514812
47.000000,44.223692
52.000000,51.060196
57.000000,55.722767
56.000000,57.611331
55.000000,56.628744
60.000000,54.947160
65.000000,57.912545
71.000000,61.135135
64.000000,64.528206
70.000000,63.402290
80.000000,67.295014
78.000000,73.783989
79.000000,72.088884
73.000000,72.490986
80.000000,69.751218
87.000000,75.348697
87.000000,80.842892
87.000000,84.127237
83.000000,82.619183
76.000000,81.873588
78.000000,75.934979
81.000000,77.282264
78.000000,78.651234
77.000000,78.354839
70.000000,79.260852
68.000000,76.192984
63.000000,74.204186
72.000000,71.055743
70.000000,75.107203
70.000000,73.803061
79.000000,74.039216
78.000000,79.518791
79.000000,79.135164
93.000000,80.529704
97.000000,89.536855
81.000000,92.266244
82.000000,80.939553
78.000000,81.335290
69.000000,78.995794
85.000000,74.402809
85.000000,84.513167
74.000000,87.622845
66.000000,79.472083
65.000000,74.151614
60.000000,70.965075
50.000000,67.054146
43.000000,58.499638
47.000000,49.143028
46.000000,57.577577
34.000000,53.051537
35.000000,41.545951
31.000000,45.662053
28.333333,28.782413
25.666667,25.582086
23.000000,20.383460
15.000000,14.583333
16.000000,16.452795
16.000000,8.763394
14.000000,13.053265
13.000000,10.709408
9.000000,0.000000
7.000000,0.000000
4.000000,0.000000
26.000000,0.000000
44.000000,30.708923
42.000000,44.006504
37.000000,44.139724
40.000000,41.155876
56.000000,41.206510
87.000000,52.822167
100.000000,71.298301
92.000000,78.177252
88.000000,76.826425
80.000000,78.833894
80.000000,71.693493
73.000000,70.578902
73.000000,67.412816
66.000000,69.332723
65.000000,68.804433
64.000000,69.074744
69.000000,69.404186
66.000000,73.632256
69.000000,70.130557
60.000000,71.232792
61.000000,65.669715
58.000000,67.119808
63.000000,66.000492
57.000000,68.470348
56.000000,65.678374
55.000000,65.411142
47.000000,63.856562
44.000000,59.810593
46.000000,55.692628
42.000000,57.140925
38.000000,54.943360
49.000000,55.681927
52.000000,58.587531
64.000000,59.010072
62.000000,67.727670
74.000000,65.523911
73.000000,72.096706
62.000000,71.614308
63.000000,63.290867
65.000000,62.863043
77.000000,66.330153
70.000000,75.621231
81.000000,72.469362
71.000000,79.179262
74.000000,73.611498
78.000000,75.561357
78.000000,74.991767
77.000000,72.962587
76.000000,75.689736
73.000000,77.870821
70.000000,75.031691
77.000000,74.013865
72.000000,77.686267
73.000000,74.540162
67.000000,73.992145
64.000000,69.636148
64.000000,68.928278
60.000000,69.414814
57.000000,65.152507
54.000000,64.135852
54.000000,62.101863
59.000000,60.612463
59.000000,65.407924
67.000000,64.945260
57.000000,69.190137
53.000000,57.185262
48.000000,47.539422
47.000000,42.366991
53.000000,39.958737
56.000000,46.057171
48.000000,57.620806
63.000000,52.534765
61.000000,66.536064
60.000000,61.830453
60.000000,57.959653
57.000000,58.517032
55.000000,54.608814
58.000000,51.767322
53.000000,55.572385
46.000000,48.480410
51.000000,36.726554
45.000000,46.721759
48.000000,33.764695
32.000000,45.307653
32.000000,20.084736
30.000000,16.828305
37.000000,13.918602
40.000000,29.738803
31.000000,26.212899
33.000000,11.487637
47.000000,11.386100
55.000000,41.209395
60.000000,52.315608
58.000000,56.492602
53.000000,54.452552
55.000000,49.465282
58.000000,48.676317
53.000000,53.293756
52.000000,47.785860
43.000000,46.620944
38.000000,41.078181
38.000000,32.776530
35.000000,30.211352
32.000000,24.227023
26.000000,17.816205
17.000000,15.982889
14.000000,0.000000
13.000000,0.000000
14.000000,3.952482
10.000000,6.631734
10.000000,5.592109
8.000000,1.598523
8.000000,0.835376
7.000000,10.281249
6.000000,14.984750
4.000000,7.564091
7.000000,15.353357
4.000000,14.370498
7.000000,17.196097
10.000000,14.092794
5.000000,19.446211
9.000000,18.154796
9.000000,20.810168
7.000000,21.985898
8.000000,21.311034
8.000000,22.561932
10.000000,26.498820
16.000000,22.628893
31.000000,31.330218
77.000000,40.424779
114.000000,60.856770
159.000000,82.394972
158.000000,110.368138
180.000000,112.403133
247.000000,122.852841
348.000000,143.952631
462.000000,167.816370
559.000000,240.035390
661.000000,342.283915
750.000000,454.661500
799.000000,563.225483
823.000000,595.564105
855.000000,632.211321
872.000000,725.229477
921.000000,832.603351
933.000000,928.368426
956.000000,987.454961
963.000000,983.413258
916.000000,928.540406
898.000000,861.612420
822.000000,832.503581
756.000000,768.206300
726.000000,689.288424
643.000000,559.508515
521.000000,431.946271
357.000000,268.195697
354.000000,135.256307
338.000000,130.561561
312.000000,119.190627
316.000000,110.127542
296.000000,106.722409
288.000000,74.886338
264.000000,61.894597
275.000000,41.845618
243.000000,29.764736
198.000000,26.346660
185.000000,20.867605
143.000000,20.496827
139.000000,17.027395
145.000000,11.828737
131.000000,10.906377
127.000000,8.158605
136.000000,6.638646
170.000000,6.730227
149.000000,7.049441
132.000000,7.047714
131.000000,6.235169
107.000000,4.497479
93.000000,3.936675
85.000000,3.194124
83.000000,2.796060
77.000000,2.928033
78.000000,2.977251
96.000000,3.370988
98.000000,3.678488
90.000000,2.785193
84.000000,2.580369
89.000000,2.301572
83.000000,2.249030
89.000000,2.328797
78.000000,2.458411
82.000000,2.762172
87.000000,3.089795
82.000000,2.425745
88.000000,2.312359
88.000000,2.240976
90.000000,2.189681
87.000000,2.336299
80.000000,2.404445
75.000000,2.738585
80.000000,2.989748
70.000000,2.383316
52.000000,2.240656
58.000000,2.018236
67.000000,2.054757
69.000000,2.299483
59.000000,2.388710
67.000000,2.817954
61.000000,3.568427
48.000000,3.274046
43.000000,3.737360
42.000000,4.522070
46.000000,5.995397
44.000000,7.933102
37.000000,8.869899
37.000000,11.817197
49.000000,15.524285
71.000000,18.533801
78.000000,25.856866
58.000000,36.564060
41.000000,44.418001
36.000000,43.137298
28.000000,43.697725
27.000000,42.864835
45.000000,43.765168
50.000000,50.180185
44.000000,54.017495
37.000000,54.251476
30.000000,49.618133
14.000000,47.556700
14.000000,43.980501
17.000000,43.402225
28.000000,44.935684
17.000000,50.424090
19.000000,48.761552
24.000000,47.645061
27.000000,46.799496
22.000000,47.328974
25.000000,44.299861
32.000000,44.771005
32.000000,46.793214
35.000000,48.781705
40.000000,45.790695
34.000000,46.552540
31.000000,41.546665
31.000000,41.035113
26.000000,43.481621
22.000000,41.150144
26.000000,41.706864
24.000000,39.265867
30.000000,34.689569
23.000000,39.470168
26.000000,35.947482
27.000000,39.551307
30.000000,44.145182
38.000000,43.728147
36.000000,47.479660
34.000000,44.451168
35.000000,44.257787
37.000000,46.404411
37.000000,45.943707
39.000000,46.411644
31.000000,48.317599
43.000000,41.046587
42.000000,49.427940
42.000000,47.998518
51.000000,48.460302
45.000000,53.633146
52.000000,47.584508
41.000000,53.334265
46.000000,45.623065
29.000000,47.453997
36.000000,35.187926
31.000000,39.362608
30.000000,39.176784
30.000000,39.143434
35.000000,33.078329
36.000000,37.694484
39.000000,39.837220
41.000000,41.946968
46.000000,44.090333
45.000000,48.150144
47.000000,50.181366
46.000000,52.586328
57.000000,49.037082
56.000000,57.470510
55.000000,55.754574
55.000000,55.703277
50.000000,55.034437
44.000000,52.372455
43.000000,47.496439
35.000000,46.803410
36.000000,36.738491
37.000000,42.313064
26.000000,45.892016
27.000000,34.883827
25.000000,36.900732
32.000000,28.402436
48.000000,39.575309
88.000000,52.509570
125.000000,75.175928
166.000000,107.564382
186.000000,143.439312
237.000000,150.977048
267.000000,170.191739
198.000000,170.273228
143.000000,166.822767
106.000000,136.293549
79.000000,98.247567
84.000000,82.166990
81.000000,87.262175
87.000000,86.219062
98.000000,95.168950
109.000000,104.073322
92.000000,100.911183
91.000000,91.487754
100.000000,90.302190
91.000000,92.393214
93.000000,84.754136
96.000000,83.916001
98.000000,86.334787
87.000000,89.352688
77.000000,86.674835
70.000000,81.276519
73.000000,78.171638
70.000000,79.314218
73.000000,74.318944
75.000000,74.214806
85.000000,73.587923
84.000000,76.860254
88.000000,78.645266
76.000000,83.188384
71.000000,77.433881
69.000000,74.095859
74.000000,68.850446
67.000000,69.560347
72.000000,64.033684
88.000000,65.449806
81.000000,74.984455
79.000000,78.189850
82.000000,78.477151
62.000000,78.449823
55.000000,65.130513
38.000000,62.268624
38.000000,53.849472
39.000000,53.326320
34.000000,58.915267
43.000000,58.282969
56.000000,57.930618
50.000000,66.260745
39.000000,59.867290
39.333333,54.923150
39.666667,50.252477
40.000000,49.137190
39.000000,53.180349
53.000000,53.507446
36.000000,57.879992
26.000000,52.542525
25.000000,50.275581
41.000000,48.092899
52.000000,49.046590
51.000000,50.252773
42.000000,53.657162
38.000000,52.298232
40.000000,46.887311
27.000000,52.774131
34.000000,48.143328
36.000000,48.575499
42.000000,48.842498
41.000000,50.260027
33.000000,52.642934
42.000000,50.672271
40.000000,50.139898
38.000000,43.194203
39.000000,42.920109
47.000000,45.592763
52.000000,52.191025
43.000000,57.612015
44.000000,53.539877
45.000000,51.360343
42.000000,48.918905
44.000000,49.384957
41.000000,50.300045
43.000000,49.525531
44.000000,50.327753
40.000000,51.351727
41.000000,46.714021
46.000000,47.891446
45.000000,46.398640
54.000000,47.707838
56.000000,57.078094
47.000000,58.235470
36.000000,50.401626
35.000000,39.343512
30.000000,41.474957
27.000000,41.586543
24.000000,27.757959
38.000000,25.576634
41.000000,44.713215
42.000000,48.043727
40.000000,44.667349
34.000000,41.622702
30.000000,41.555074
31.000000,37.425067
39.000000,35.037299
37.000000,44.394588
38.000000,42.106680
35.000000,42.925884
46.000000,34.229641
47.000000,45.849975
39.000000,47.247797
54.000000,39.428346
52.000000,53.033619
55.000000,52.687696
62.000000,56.146295
53.000000,61.098811
34.000000,53.046465
30.000000,31.937140
27.000000,26.829254
30.000000,23.393203
31.000000,32.034877
34.000000,34.043319
42.000000,40.772947
43.000000,48.403734
44.000000,44.446256
34.000000,44.380670
43.000000,34.559698
45.000000,44.429403
45.000000,48.346853
47.000000,47.855343
50.000000,50.170215
55.000000,52.954166
50.000000,56.130076
47.000000,50.178277
50.000000,47.112690
51.000000,50.876466
46.000000,52.453035
48.000000,47.789501
50.000000,48.599828
52.000000,50.331145
51.000000,53.382615
34.000000,53.355206
34.000000,35.018708
34.000000,37.235448
29.000000,39.133550
30.000000,32.364227
34.000000,27.865961
46.000000,28.973454
49.000000,46.426415
39.000000,51.905869
42.000000,41.879600
47.000000,45.571032
52.000000,50.855167
61.000000,53.561066
64.000000,60.161170
67.000000,63.002621
65.000000,66.936042
63.000000,65.106380
61.000000,60.949209
63.000000,59.988115
75.000000,62.213128
74.000000,70.591618
80.000000,72.762786
83.000000,79.318500
74.000000,83.871306
70.000000,75.552954
68.000000,69.973629
74.000000,68.374816
92.000000,73.927227
97.000000,90.803071
98.000000,96.409980
104.000000,100.079684
106.000000,107.769233
107.000000,109.223361
106.000000,104.265142
109.000000,102.785023
101.000000,110.351717
105.000000,102.092719
122.000000,107.325176
119.000000,127.301596
116.000000,124.413990
104.000000,118.642008
103.000000,102.550785
102.000000,102.495329
99.000000,102.767413
98.000000,99.009625
92.000000,98.924274
74.000000,96.306368
52.000000,85.206851
47.000000,71.939226
42.000000,67.089112
44.000000,63.374965
34.000000,64.715423
35.000000,57.833523
37.000000,59.194460
37.000000,62.186276
55.000000,57.548623
43.000000,63.887019
36.000000,55.474290
37.000000,49.939595
30.000000,50.733700
28.000000,46.735627
20.000000,46.268924
29.000000,44.945009
31.000000,45.470661
33.000000,43.963274
36.000000,44.169051
40.000000,45.231900
43.000000,47.873649
26.000000,49.889920
23.000000,42.045417
18.000000,42.905266
20.000000,39.859423
21.000000,39.267995
23.000000,37.975393
20.000000,39.454947
31.000000,37.996908
30.000000,45.377125
34.000000,44.994426
30.000000,46.895458
31.000000,45.427418
18.000000,45.589139
23.000000,39.796494
26.000000,42.164103
23.000000,43.406691
23.000000,43.860916
32.000000,44.319485
19.000000,47.919490
24.000000,43.505771
22.000000,44.137755
20.000000,42.091376
22.000000,41.651488
26.000000,42.641682
35.000000,44.640967
31.000000,48.068750
26.000000,48.144670
25.000000,45.035078
37.000000,45.206485
44.000000,47.989291
78.000000,50.286226
101.000000,64.183927
74.000000,78.784797
39.000000,64.435108
38.000000,50.664036
37.000000,48.895512
24.000000,48.631802
26.000000,42.909279
30.000000,43.888079
27.000000,51.496368
24.000000,54.403472
15.000000,47.987781
21.000000,32.010749
25.000000,25.616121
25.000000,23.548933
28.000000,22.116839
28.000000,28.228144
31.000000,43.234498
31.000000,49.309919
21.000000,43.688532
24.000000,21.212435
35.000000,21.657099
43.000000,37.214885
41.000000,42.642551
45.000000,41.110672
34.000000,49.884363
34.000000,46.881207
35.000000,41.905802
34.000000,36.483228
37.000000,33.684335
25.000000,36.502650
30.000000,23.761040
28.000000,31.967393
26.000000,42.494998
26.000000,44.113654
27.000000,39.342816
40.000000,27.733532
55.000000,43.180329
57.000000,54.424708
40.000000,54.340606
41.000000,44.559158
50.000000,49.315487
50.000000,52.951849
58.000000,52.272201
48.000000,54.708983
27.000000,49.804066
23.000000,29.173348
20.000000,26.248446
18.000000,14.275225
27.000000,30.160020
23.000000,45.716975
28.000000,33.532837
32.000000,29.302470
43.000000,37.048960
46.000000,48.008387
55.000000,50.332384
41.000000,53.333967
30.000000,47.203460
32.000000,45.327619
32.000000,41.831989
32.000000,41.272864
37.000000,37.015409
38.000000,40.958982
38.000000,42.793438
41.000000,41.710768
42.000000,47.484610
45.000000,50.505568
46.000000,49.030652
35.000000,48.968219
38.000000,37.748742
29.000000,43.524872
32.000000,38.974792
28.000000,40.445001
24.000000,32.176237
29.000000,24.792575
30.000000,34.179789
47.000000,40.722562
38.000000,49.814754
36.000000,42.187831
39.000000,41.783445
38.000000,42.621946
40.000000,41.338675
42.000000,43.709915
50.000000,45.998362
38.000000,52.736245
46.000000,42.260449
50.000000,48.080884
43.000000,51.769703
46.000000,46.571089
43.000000,47.797123
44.000000,44.703391
43.000000,46.580967
42.000000,47.371969
46.000000,44.552050
42.000000,48.813940
34.000000,48.236062
28.000000,40.173866
34.000000,32.775174
32.000000,39.436768
26.000000,37.951241
29.000000,32.323004
39.000000,25.320736
33.000000,42.472756
32.000000,38.065881
32.000000,35.664921
29.000000,35.705862
45.000000,29.252097
47.000000,48.208497
46.000000,49.683378
