REAL,ESTIMATE
37.000000,27.146398
51.000000,36.969615
59.000000,49.953826
52.000000,51.992586
45.000000,50.849678
45.000000,44.990955
45.000000,42.520276
52.000000,41.341512
62.000000,45.592630
61.000000,55.242818
61.000000,56.328225
66.000000,60.135230
68.000000,64.194457
66.000000,68.166742
64.000000,62.704195
57.000000,60.768363
56.000000,54.415062
45.000000,52.151300
47.000000,44.293820
45.333333,46.879129
43.666667,47.179040
42.000000,45.454995
36.000000,44.289073
40.000000,38.280883
38.000000,41.776266
24.000000,39.494335
41.000000,27.881273
33.000000,41.448926
38.000000,35.026658
36.000000,39.534406
33.000000,37.393018
35.000000,35.187557
24.000000,36.383778
30.000000,27.646713
28.000000,32.067379
39.000000,29.300576
32.000000,38.286222
34.000000,32.552909
33.000000,34.844610
39.000000,33.604011
35.000000,38.454775
34.000000,35.453901
48.000000,34.107971
41.000000,46.057372
29.000000,39.363352
31.000000,31.303336
29.000000,32.316602
32.000000,31.436785
33.000000,33.799819
26.000000,34.803475
41.000000,28.873634
44.000000,40.378326
42.000000,44.699799
39.000000,42.544758
38.000000,39.617095
38.000000,38.570178
36.000000,38.371632
48.000000,36.356019
44.000000,47.981626
45.000000,44.080985
47.000000,46.260989
60.000000,48.901158
80.000000,61.422687
95.000000,81.592358
75.000000,102.140068
65.000000,78.393559
68.000000,65.185510
57.000000,69.964945
60.000000,57.190465
61.000000,62.451083
65.000000,61.073645
59.000000,64.475899
66.000000,57.666408
66.000000,63.489990
83.000000,66.776273
76.000000,83.963344
76.000000,77.033608
78.000000,81.073909
76.000000,82.312489
74.000000,77.698976
83.000000,72.719914
68.000000,82.655014
80.000000,66.005171
82.000000,82.771578
88.000000,82.763441
124.000000,88.558169
127.000000,127.427802
126.000000,128.882194
120.000000,129.269845
70.000000,119.642656
65.000000,67.219368
66.000000,62.050633
53.000000,64.681025
56.000000,53.302102
55.000000,56.116120
53.000000,54.766406
69.000000,54.168781
74.000000,67.585358
69.000000,72.814910
66.000000,68.144384
69.000000,64.657368
66.000000,67.831645
68.000000,63.449096
76.000000,66.360353
75.000000,72.511882
93.000000,70.790216
79.000000,88.346409
78.000000,76.176403
85.000000,77.444290
82.000000,84.720338
93.000000,81.179594
108.000000,91.228141
92.000000,105.286768
82.000000,88.070612
88.000000,78.046721
80.000000,85.812446
52.000000,76.044255
66.000000,50.239642
62.000000,60.940314
59.000000,59.508340
64.000000,58.486668
81.000000,63.458216
87.000000,80.793735
84.000000,85.812222
76.000000,85.244116
75.000000,75.228066
74.000000,71.195598
74.000000,68.827858
58.000000,70.064496
50.000000,54.526960
55.000000,49.360088
63.000000,55.578049
47.000000,63.491538
50.000000,50.715149
46.000000,52.476151
33.000000,45.056455
37.000000,35.644077
60.000000,38.039480
50.000000,54.671359
51.000000,46.904385
74.000000,45.727777
88.000000,64.116531
70.000000,77.508326
61.000000,63.088421
63.000000,58.950019
66.000000,61.021162
87.000000,63.170163
78.000000,83.943094
79.000000,75.488012
64.000000,75.348950
69.000000,63.593344
60.000000,68.763926
66.000000,58.843769
63.000000,63.389674
71.000000,62.128082
64.000000,68.766030
69.000000,65.519973
80.000000,69.816569
79.000000,78.413185
97.000000,77.360339
112.000000,92.324930
70.000000,105.614070
37.000000,66.609679
87.000000,38.604507
82.000000,82.465332
60.000000,76.311417
56.000000,56.193914
75.000000,56.786437
96.000000,75.507927
92.000000,94.104511
81.000000,90.651534
55.000000,79.074829
47.000000,52.374075
51.000000,48.922229
38.000000,51.612649
38.000000,39.541192
40.000000,39.656051
42.000000,42.410063
43.000000,45.628461
47.000000,46.440097
43.000000,47.413055
37.000000,41.695726
32.000000,38.049584
35.000000,35.757625
29.000000,37.204701
18.000000,32.642452
17.000000,24.887864
27.000000,26.298123
22.000000,33.129055
20.000000,28.117325
29.000000,26.448461
28.000000,33.451103
34.000000,32.370164
32.000000,37.357868
39.000000,35.597348
39.000000,39.217324
27.000000,39.799088
30.000000,30.744294
29.000000,32.099775
27.000000,30.878510
32.000000,29.950971
35.000000,32.753227
38.000000,35.561556
39.000000,38.220447
47.000000,40.162428
47.000000,47.458243
42.000000,47.871641
50.000000,41.077927
33.000000,46.677179
31.000000,33.847453
38.000000,32.538043
26.000000,37.617185
31.000000,28.167763
31.000000,32.626506
30.000000,32.461588
38.000000,30.728732
44.000000,37.960623
28.000000,43.821512
34.000000,28.499714
37.000000,33.406657
37.000000,37.060649
36.000000,36.114432
34.000000,35.122579
40.000000,32.496999
39.000000,36.272401
42.000000,38.059400
40.000000,43.884279
45.000000,38.560377
48.000000,42.764848
49.000000,47.633710
61.000000,46.982149
59.000000,55.377498
63.000000,51.668442
43.000000,54.571291
40.000000,41.515422
48.000000,40.710449
38.000000,45.998446
52.000000,38.332334
44.000000,51.766433
53.000000,44.516365
50.000000,53.059155
68.000000,49.811307
58.000000,64.031509
54.000000,56.144481
49.000000,53.394258
45.000000,48.872300
48.000000,45.539695
38.000000,49.886029
41.000000,39.525752
40.000000,42.234061
33.000000,41.090452
34.000000,36.936676
44.000000,36.862000
39.000000,45.861913
50.000000,39.882986
52.000000,49.268207
50.000000,53.520373
53.000000,50.430047
48.000000,50.929344
66.000000,45.081019
60.000000,60.497746
67.000000,58.234908
65.000000,69.713792
68.000000,66.843444
70.000000,71.583505
76.000000,72.921337
74.000000,79.039718
61.000000,72.588170
65.000000,59.324543
65.000000,62.298545
67.000000,64.195637
65.000000,66.873374
64.000000,65.768434
61.000000,66.170564
66.000000,62.492351
60.000000,68.154026
57.000000,60.618879
59.000000,57.862940
68.000000,58.535095
54.000000,69.624737
50.000000,53.978692
42.000000,50.850422
63.000000,42.966647
69.000000,63.756607
48.000000,69.949602
36.000000,48.229595
45.000000,38.136750
49.000000,44.636731
49.000000,49.866533
52.000000,49.444124
48.000000,51.031062
42.000000,47.006721
48.000000,42.443585
50.000000,46.959804
46.000000,47.954449
43.000000,44.958513
51.000000,41.055630
54.000000,49.534290
52.000000,52.793146
54.000000,50.236983
62.000000,52.400940
71.000000,60.073217
67.000000,68.432870
66.000000,64.715713
69.000000,64.190080
66.000000,66.441484
53.000000,64.609547
44.000000,53.113541
35.000000,44.795992
31.000000,36.929993
32.000000,33.795977
49.000000,35.029338
44.000000,50.211936
47.000000,46.024852
57.000000,47.407324
60.000000,56.514455
61.000000,59.115221
61.000000,60.363648
61.000000,59.568677
54.000000,58.670727
61.000000,51.144714
56.000000,59.380927
57.000000,56.328360
59.000000,55.890105
60.000000,58.422006
63.000000,59.030556
74.000000,62.181148
74.000000,72.402572
92.000000,70.805425
109.000000,85.200901
90.000000,104.190246
101.000000,88.568304
94.000000,94.337246
87.000000,88.715320
75.000000,85.080706
73.000000,74.586043
75.000000,73.303112
85.000000,73.286175
93.000000,80.087655
95.000000,90.365380
95.000000,94.686081
95.000000,92.830214
82.000000,92.650217
73.000000,81.161187
69.000000,72.442714
79.000000,68.640949
79.000000,78.020408
78.000000,77.674921
83.000000,78.148080
104.000000,82.740326
103.000000,104.098553
96.000000,102.622676
99.000000,94.588744
88.000000,97.329579
97.000000,84.745255
97.000000,91.740073
93.000000,89.804423
94.000000,88.919771
89.000000,89.126041
110.000000,85.639567
106.000000,108.191844
109.000000,104.642335
111.000000,108.726084
80.000000,111.268634
67.000000,81.866657
61.000000,69.944916
62.000000,63.255604
60.000000,62.887902
63.000000,62.024432
59.000000,65.558044
51.000000,60.719694
54.000000,53.359179
50.000000,56.030607
54.000000,51.824020
51.000000,56.978530
46.000000,54.235617
40.000000,48.643441
56.000000,44.043073
74.000000,59.133078
60.000000,74.513029
58.000000,59.504566
57.000000,56.677393
44.000000,55.712826
26.000000,44.411889
33.000000,29.472754
49.000000,35.368279
66.000000,48.281200
50.000000,65.382133
36.000000,50.919108
41.000000,38.139138
38.000000,41.710727
42.000000,39.355160
32.000000,41.569378
28.000000,33.088609
32.000000,30.094265
32.000000,34.474234
34.000000,36.104090
32.000000,37.338628
28.000000,34.913416
42.000000,31.625256
40.000000,42.177903
35.000000,40.188292
43.000000,35.916027
50.000000,41.273017
38.000000,45.776895
46.000000,38.787214
41.000000,45.112605
40.000000,40.300962
38.000000,40.405897
55.000000,37.863634
44.000000,50.506669
35.000000,41.550920
39.000000,34.921700
40.000000,38.580942
32.000000,38.477736
32.000000,33.106953
34.000000,31.752024
27.000000,33.149205
25.000000,29.663089
31.000000,29.763411
30.000000,33.412951
34.000000,32.275406
35.000000,35.854534
38.000000,37.153575
36.000000,39.299901
33.000000,36.661393
35.000000,34.292211
41.000000,36.067564
39.000000,40.304755
44.000000,37.938749
47.000000,41.850743
48.000000,46.167577
46.000000,46.841433
39.000000,43.545465
55.000000,38.140581
59.000000,49.814908
52.000000,54.241973
43.000000,49.918428
39.000000,42.799597
37.000000,39.532553
42.000000,37.832313
39.000000,41.033407
39.000000,39.508579
42.000000,39.428479
48.000000,42.032762
57.000000,47.591563
46.000000,55.287035
51.000000,45.432497
47.000000,50.025140
53.000000,46.986435
54.000000,50.574905
59.000000,51.380461
49.000000,55.007546
44.875000,47.456960
40.750000,45.740495
36.625000,43.230922
32.500000,38.960844
28.375000,35.067045
24.250000,31.314018
20.125000,28.681079
16.000000,25.308239
26.000000,22.150033
30.000000,29.584461
29.000000,32.670630
39.000000,31.418903
35.000000,39.930756
41.000000,36.460255
39.000000,42.221294
41.000000,39.715392
42.000000,40.859528
45.000000,41.438610
54.000000,44.623041
54.000000,53.006395
46.000000,52.721310
59.000000,46.368818
57.000000,58.479297
52.000000,57.363820
58.000000,50.613954
75.000000,56.853895
74.000000,73.078366
83.000000,74.476049
83.000000,86.167918
75.000000,85.009351
75.000000,81.206557
74.000000,81.107985
82.000000,82.692381
92.000000,91.106741
94.000000,104.110956
92.000000,100.677758
101.000000,100.771654
112.000000,106.836589
129.000000,118.399075
157.000000,139.162803
157.000000,157.846590
203.000000,157.285141
295.000000,194.516146
324.000000,304.074752
205.000000,345.475643
128.000000,197.302103
101.000000,120.948259
108.000000,93.357302
99.000000,100.880145
89.000000,90.004686
95.000000,81.859393
85.000000,86.130358
72.000000,75.910227
86.000000,64.658146
82.000000,80.326702
73.000000,77.336448
70.000000,69.031471
65.000000,67.389872
59.000000,63.449732
51.000000,58.659802
47.000000,52.336765
46.000000,48.077166
51.000000,46.517512
76.000000,53.520215
73.000000,77.438042
61.000000,73.713678
69.000000,60.354041
71.000000,68.502955
57.000000,68.990569
52.000000,56.262893
69.000000,50.209248
60.000000,63.164610
51.000000,60.449674
51.000000,54.372218
49.000000,54.100455
51.000000,51.211138
56.000000,53.064229
52.000000,57.292183
51.000000,54.218036
54.000000,52.586771
56.000000,54.801258
64.000000,57.274933
54.000000,63.708110
56.000000,54.133148
53.000000,56.686146
51.000000,55.144192
48.000000,53.058491
52.000000,50.886602
56.000000,55.282327
53.000000,58.878986
66.000000,55.020210
65.000000,63.273869
63.000000,58.752798
74.000000,56.183685
89.000000,61.452362
82.000000,72.464660
66.000000,60.596443
51.000000,40.485704
39.000000,30.877205
29.000000,32.825056
39.000000,30.910957
45.000000,38.578762
29.000000,41.850975
27.000000,31.564548
50.000000,30.986807
55.000000,44.210484
54.000000,43.005783
44.000000,42.024257
31.000000,40.051430
24.000000,33.646258
24.000000,29.192800
25.000000,28.964047
35.000000,30.069417
50.000000,37.510229
72.000000,48.228604
81.000000,58.966659
90.000000,63.962105
82.000000,78.039433
89.000000,72.259120
97.000000,78.807598
70.000000,87.191962
52.000000,64.049179
46.000000,50.725893
49.000000,48.517186
48.000000,51.739172
41.000000,49.799472
38.000000,45.824358
42.000000,42.630795
41.000000,44.950019
28.000000,45.068409
20.000000,33.795053
25.000000,27.150467
17.000000,31.516850
17.000000,26.889894
26.000000,26.562305
23.000000,31.830414
36.000000,28.677258
43.000000,38.328640
39.000000,43.632774
38.000000,39.621971
43.000000,38.558043
60.000000,42.988504
51.000000,55.983139
44.000000,47.443288
50.000000,41.734683
58.000000,45.173805
65.000000,52.758378
64.000000,58.825671
74.000000,57.583371
80.000000,65.445291
83.000000,76.131457
78.000000,78.881765
79.000000,74.259712
76.000000,75.279374
68.000000,70.697391
65.000000,63.863713
60.000000,61.324360
53.000000,57.850777
54.000000,51.757301
60.000000,53.635989
73.000000,59.973246
82.000000,72.266703
86.000000,82.017934
106.000000,86.669755
96.000000,107.401472
95.000000,96.927572
106.000000,95.389986
98.000000,102.043518
93.000000,95.022728
85.000000,86.791215
68.000000,80.142819
52.000000,63.447282
38.000000,49.679986
77.000000,38.613447
76.000000,70.148240
73.000000,71.447162
73.000000,68.506413
71.000000,69.687600
65.000000,66.779984
68.000000,60.754693
63.000000,62.723163
64.000000,57.611595
60.000000,58.733962
67.000000,58.244731
72.000000,64.522595
71.000000,69.643310
89.000000,70.750953
113.000000,90.443525
106.000000,112.719621
115.000000,102.495359
118.000000,110.175867
125.000000,110.745611
129.000000,119.281884
118.000000,124.560907
141.000000,115.283070
153.000000,142.762480
138.000000,158.494370
146.000000,145.394023
136.000000,156.339427
127.000000,141.752184
116.000000,130.181794
127.000000,118.656134
114.000000,128.508128
116.000000,111.648960
124.000000,113.329537
120.000000,122.919736
120.000000,120.898102
113.000000,120.285836
131.000000,111.328177
134.000000,132.210177
131.000000,138.875683
147.000000,135.461475
163.000000,153.446291
147.000000,170.677557
134.000000,150.018370
125.500000,132.662453
117.000000,120.644938
86.000000,108.212953
86.000000,78.152704
90.000000,83.718681
86.000000,87.359147
70.000000,82.436266
56.000000,70.043126
40.000000,59.163544
24.000000,45.325949
23.000000,32.665954
25.000000,31.830436
19.000000,33.570611
15.000000,27.644377
20.000000,24.654653
17.000000,29.043928
16.000000,26.590145
16.000000,26.083346
21.000000,25.637815
34.000000,28.647511
23.000000,40.037446
14.000000,30.195429
26.000000,23.155131
24.000000,32.811788
23.000000,31.017279
25.000000,30.618897
28.000000,31.800495
24.000000,32.583294
19.000000,29.622058
14.000000,25.170776
24.000000,20.462322
27.000000,27.729289
32.000000,30.561958
37.000000,34.753539
45.000000,37.421531
52.000000,42.956038
45.000000,48.544755
49.000000,41.826743
51.000000,44.406325
41.000000,45.562421
41.000000,40.206106
40.000000,40.030686
41.000000,40.937998
41.000000,41.573131
32.000000,40.480651
24.000000,34.074885
30.000000,27.857134
36.000000,31.533508
33.000000,33.154902
32.000000,31.382568
38.000000,31.360838
39.000000,34.414256
42.000000,33.588415
39.000000,35.971166
34.000000,34.550230
41.000000,30.901833
37.000000,35.995457
30.000000,34.831055
41.000000,30.081586
42.000000,36.823765
55.000000,37.839198
57.000000,46.763840
64.000000,49.944416
50.000000,55.782158
38.000000,46.634700
65.000000,39.725829
46.000000,57.676984
51.000000,43.529000
46.000000,48.844429
48.000000,44.968259
49.000000,47.317589
44.000000,49.162432
38.000000,45.939652
35.000000,39.936614
45.000000,36.755807
42.000000,45.651647
47.000000,42.766758
55.000000,46.785559
67.000000,53.557368
65.000000,64.606542
46.000000,63.460846
34.000000,47.120412
25.000000,36.278828
27.000000,29.589372
26.000000,31.718900
29.000000,29.590361
31.000000,32.241653
32.000000,34.011219
45.000000,35.027188
46.000000,44.005636
36.000000,42.475660
44.000000,33.738709
38.000000,39.352406
39.000000,35.674629
30.000000,36.390688
33.000000,30.013339
23.000000,33.026379
37.000000,25.503430
32.000000,37.225155
38.000000,32.904083
34.000000,37.355894
40.000000,34.831456
38.000000,37.944886
33.000000,36.401972
37.000000,32.506892
37.000000,36.135748
39.000000,35.165021
36.000000,38.134596
40.000000,36.071524
41.000000,40.134878
35.000000,41.835150
44.000000,35.252065
48.000000,43.844305
61.000000,47.660203
53.000000,61.677940
57.000000,50.791839
54.000000,55.789809
48.000000,53.519793
47.000000,49.782938
50.000000,48.006171
43.000000,49.949762
34.000000,44.890888
36.000000,36.531903
44.000000,38.834318
58.000000,45.652280
68.000000,59.257449
54.000000,70.023146
57.000000,55.969539
63.000000,59.661231
61.000000,64.541675
59.000000,64.929079
54.000000,62.786458
51.000000,56.594763
63.000000,52.534080
61.000000,65.289593
57.000000,63.574670
58.000000,59.760472
63.000000,61.159065
53.000000,65.304444
51.000000,54.715599
67.000000,52.324477
55.000000,67.211670
59.000000,54.902301
52.000000,59.428271
29.000000,53.248280
22.000000,32.576138
24.000000,26.262906
22.000000,28.654816
38.000000,26.376742
53.000000,40.715042
66.000000,54.588637
57.000000,66.554589
57.000000,57.042426
52.000000,56.254103
45.000000,51.560560
46.000000,43.705239
46.000000,44.419537
41.000000,44.820642
36.000000,41.867284
41.000000,38.529642
40.000000,43.285483
41.000000,42.246950
52.000000,42.424783
55.000000,51.538126
54.000000,52.584500
80.000000,51.741377
73.000000,78.046125
50.000000,72.580487
46.000000,47.445473
39.000000,45.040159
42.000000,39.576233
53.000000,42.455918
61.000000,54.769086
75.000000,62.963840
72.000000,76.707671
68.000000,73.809830
69.000000,68.994601
62.000000,67.091347
57.000000,59.278805
66.000000,54.953881
52.000000,63.090489
47.000000,53.075195
46.000000,48.300398
43.000000,46.702983
37.000000,43.787051
43.000000,38.698404
41.000000,44.222715
31.000000,41.788229
41.000000,33.148909
61.000000,41.420752
64.000000,61.281946
78.000000,63.310061
88.000000,74.864327
71.000000,81.320421
53.000000,67.564403
38.000000,52.569413
39.000000,39.600230
59.000000,39.731433
57.000000,58.441248
44.000000,58.077918
39.000000,45.366062
36.000000,41.116421
34.000000,39.146096
34.000000,35.894898
34.000000,35.052407
39.000000,34.628010
37.000000,39.098987
34.000000,38.491848
39.000000,36.632321
33.000000,40.534408
38.000000,35.265020
29.000000,39.728606
36.000000,31.879722
50.000000,37.357853
39.000000,49.327551
39.000000,40.346207
32.000000,40.271041
27.000000,33.740402
27.000000,29.558356
13.000000,29.569515
8.000000,18.360786
13.000000,14.864365
11.000000,19.370801
21.000000,18.481449
16.000000,25.967958
12.000000,21.851167
6.000000,17.760577
3.000000,13.208360
5.000000,10.946200
1.000000,12.045547
7.000000,9.515082
6.000000,13.892854
2.000000,13.631611
6.000000,11.047409
5.000000,13.106775
3.000000,12.305008
11.000000,10.924004
5.000000,16.473786
11.000000,12.930191
12.000000,16.640850
13.000000,17.214902
19.000000,17.829606
12.000000,21.818384
14.000000,17.275787
10.000000,18.366669
13.000000,15.399065
17.000000,17.381855
17.000000,19.641013
11.000000,19.857671
16.000000,16.297419
12.000000,19.618271
15.000000,16.933155
14.000000,18.707621
12.000000,18.465679
9.000000,17.292773
8.000000,15.853330
8.000000,15.774114
14.000000,15.405296
17.000000,18.832444
10.000000,20.926562
16.000000,15.775970
16.000000,20.195873
13.000000,20.278741
21.000000,17.952077
17.000000,23.074391
19.000000,20.165831
18.000000,21.177948
16.000000,20.852272
25.000000,19.455298
27.000000,25.101323
46.000000,27.089162
33.000000,41.498686
32.000000,30.796452
28.000000,30.407486
23.000000,27.416746
19.000000,23.879228
19.000000,21.547252
30.000000,21.384462
31.000000,28.997012
31.000000,30.674788
34.000000,31.331039
30.000000,32.180952
36.000000,29.654185
23.000000,32.867698
21.000000,23.937930
35.000000,22.561349
30.000000,32.297274
31.000000,30.034422
27.000000,30.759508
28.000000,28.000533
33.000000,28.062789
32.000000,31.448944
30.000000,30.582218
43.000000,27.771450
45.000000,37.628668
45.000000,40.893130
48.000000,41.089530
47.000000,43.974564
44.000000,41.726461
33.000000,38.758056
37.000000,30.735674
29.000000,32.997609
22.000000,26.437143
28.000000,22.852354
36.000000,27.658502
33.000000,33.710171
29.000000,31.620639
24.000000,28.149634
34.000000,23.901973
33.000000,31.210879
24.000000,29.985741
32.000000,23.190540
26.000000,28.884233
27.000000,25.028890
27.000000,26.604378
24.000000,26.501855
27.000000,24.333034
29.000000,25.580670
44.000000,27.428763
48.000000,38.649721
45.000000,40.675044
43.000000,38.607435
40.000000,37.499380
64.000000,35.668684
80.000000,55.993708
67.000000,70.392886
60.000000,57.264304
71.000000,54.047458
59.000000,65.111353
46.000000,53.325120
48.000000,41.721935
42.000000,44.205462
43.000000,38.859468
40.000000,40.732700
50.000000,38.187882
51.000000,46.441244
74.000000,48.141488
71.000000,71.492282
63.000000,68.384477
67.000000,59.348018
61.000000,65.916034
65.000000,58.565198
65.000000,64.256526
60.000000,62.312564
52.000000,58.474886
53.000000,51.657888
57.000000,50.895914
58.000000,53.859509
50.000000,55.335175
55.000000,48.564762
47.000000,55.038693
47.000000,45.409813
47.000000,44.430600
46.000000,45.081759
32.000000,45.739368
49.000000,32.701030
39.000000,46.748077
36.000000,38.797898
45.000000,36.099266
43.000000,46.137151
35.000000,42.739640
45.000000,35.472664
34.000000,44.440500
35.000000,34.929289
28.000000,34.824353
38.000000,29.637598
31.000000,37.282218
29.000000,31.937510
40.000000,31.219919
34.000000,40.423405
37.000000,34.919368
35.000000,37.839685
32.000000,35.822072
29.000000,32.622119
34.000000,29.295404
34.000000,33.968079
35.000000,34.202950
46.000000,35.254984
62.000000,44.938196
51.000000,57.027606
51.000000,49.030835
44.000000,49.721581
52.000000,42.170469
51.000000,48.313661
57.000000,49.492274
64.000000,55.417376
65.000000,62.799425
78.000000,64.320137
87.000000,75.304573
91.000000,85.929602
79.000000,96.757431
78.000000,77.152666
71.000000,75.917179
66.000000,72.157799
61.000000,67.639746
52.000000,62.305767
58.000000,51.722695
62.000000,55.387812
66.000000,60.033876
57.000000,65.531007
34.000000,55.420988
44.000000,36.157730
38.000000,45.769990
52.000000,40.075448
58.000000,53.677956
81.000000,58.648118
90.000000,77.597961
94.000000,88.830840
69.000000,92.848848
56.000000,67.861451
54.000000,53.500649
58.000000,53.997859
59.000000,56.998113
66.000000,57.935018
60.000000,64.639536
64.000000,58.613369
58.000000,62.237577
59.000000,57.498026
60.000000,57.953964
58.000000,57.899851
59.000000,57.091082
61.000000,58.454968
59.000000,60.891747
62.000000,60.060752
57.000000,62.798511
65.000000,57.732815
69.000000,64.629749
76.000000,68.074405
71.000000,75.970411
66.000000,71.775640
63.000000,66.853276
62.000000,64.056114
45.000000,62.262949
43.000000,45.675038
37.000000,44.842489
39.000000,39.729131
42.000000,40.860223
41.000000,43.644249
50.000000,42.778004
55.000000,50.127570
56.000000,54.493305
59.000000,54.908433
61.000000,54.855621
65.000000,56.343509
62.000000,58.834626
68.000000,57.292700
63.000000,62.132884
67.000000,60.085414
68.000000,63.958777
74.000000,65.124815
76.000000,72.285031
90.000000,71.873482
95.000000,85.029083
93.000000,88.390637
89.000000,87.334357
94.000000,83.980104
87.000000,90.101723
79.000000,84.576780
77.000000,76.245074
66.000000,75.446405
68.000000,62.751173
69.000000,63.217735
81.000000,63.364937
82.000000,76.960838
80.000000,79.939619
68.000000,78.578082
72.000000,67.371666
75.000000,71.290375
78.000000,73.623876
78.000000,75.175408
73.000000,73.952999
74.000000,70.333992
82.000000,72.513442
86.000000,80.959252
108.000000,84.538610
94.000000,105.879863
76.000000,91.766235
60.000000,73.926163
43.000000,58.397373
49.000000,44.996621
54.000000,49.198662
54.000000,52.823431
47.000000,52.065111
43.000000,46.929689
46.000000,44.786839
50.000000,47.692099
55.000000,50.779872
51.000000,56.333389
53.000000,52.745157
48.000000,55.603578
47.000000,50.276266
35.000000,48.617148
36.000000,38.143154
35.000000,38.715250
41.000000,37.989268
39.000000,43.418549
44.000000,41.590927
46.000000,45.884569
61.000000,47.741075
77.000000,61.044374
80.000000,75.027751
77.000000,77.274728
80.000000,73.183721
97.000000,75.567329
79.000000,91.686741
76.000000,74.331158
76.000000,70.088639
72.000000,69.787979
69.000000,67.933652
67.000000,66.854045
93.000000,63.939241
93.000000,87.730352
83.000000,88.724666
71.000000,79.989258
72.000000,68.283272
73.000000,67.680709
68.000000,67.901894
62.000000,63.298768
62.000000,59.052010
66.000000,58.546482
59.000000,65.509391
57.000000,58.920368
70.000000,56.298141
100.000000,66.452198
94.000000,91.455414
84.000000,86.597555
79.000000,76.900789
84.000000,71.710787
78.666667,73.797143
73.333333,68.240749
68.000000,65.360989
85.000000,63.155133
121.000000,80.551063
135.000000,118.395752
141.000000,132.810990
130.000000,137.782580
105.000000,126.553009
108.000000,101.021857
95.000000,103.578782
88.000000,90.599553
83.000000,85.361962
93.000000,80.286413
87.000000,93.212604
111.000000,88.033521
104.000000,114.532690
104.000000,108.394316
100.000000,108.761999
104.000000,105.194767
100.000000,109.127638
94.000000,105.247366
82.000000,97.247274
52.000000,86.320017
47.000000,57.049933
66.000000,52.657607
58.000000,67.809024
63.000000,60.045241
64.000000,67.186454
84.000000,66.926809
93.000000,81.824112
93.000000,91.378347
79.000000,92.812090
59.000000,77.118033
49.000000,58.783070
44.000000,50.749206
42.000000,45.757410
41.000000,43.333575
39.000000,41.917838
32.000000,41.239283
45.000000,36.994165
44.000000,49.666334
41.000000,47.379725
35.000000,43.923978
24.000000,38.726667
2.000000,28.691820
6.000000,12.071918
8.000000,15.204650
11.000000,17.243564
25.000000,18.852761
31.000000,30.136222
29.000000,34.943996
37.000000,33.743330
61.000000,40.411142
62.000000,58.688058
48.000000,58.449330
41.000000,46.684327
41.000000,41.696980
40.000000,40.049330
39.000000,38.923775
23.000000,36.748266
24.000000,25.901364
15.000000,27.095800
42.000000,22.025021
36.000000,41.712736
11.000000,37.374728
10.000000,18.905170
17.000000,18.051358
24.000000,23.773688
20.000000,27.853387
25.000000,23.443949
30.000000,26.954953
23.000000,29.798374
31.000000,26.675675
32.000000,31.108264
36.000000,31.145426
33.000000,34.533641
35.000000,34.768798
53.000000,37.083047
51.000000,47.785169
67.000000,45.117703
65.000000,57.181088
47.000000,54.513474
44.000000,41.946208
30.000000,38.084662
24.000000,29.293662
26.000000,27.406756
27.000000,29.312960
25.000000,30.976189
30.000000,29.680059
30.000000,33.401496
29.000000,32.721185
29.000000,31.152339
27.000000,30.548058
30.000000,29.156303
39.000000,31.589924
27.000000,37.884455
44.000000,30.158909
40.000000,42.489942
42.000000,41.343280
59.000000,44.329952
62.000000,56.852950
61.000000,57.158211
57.000000,55.401206
55.000000,51.862596
45.000000,51.585807
39.000000,41.248208
34.000000,38.123128
40.000000,32.977167
41.000000,38.068931
48.000000,40.078727
59.000000,44.858919
57.000000,53.488847
49.000000,53.627831
43.000000,50.501313
61.000000,43.480278
50.000000,61.636088
53.000000,48.312187
57.000000,49.564857
59.000000,56.101372
81.000000,56.285944
82.000000,75.738291
73.000000,78.690415
62.000000,73.290739
60.000000,63.314403
69.000000,61.488646
101.000000,67.206090
106.000000,96.221445
84.000000,103.193818
65.000000,79.570456
77.000000,60.405557
74.000000,74.809169
69.000000,74.854009
52.000000,71.205166
43.000000,53.261991
29.000000,43.190598
7.000000,30.802897
5.000000,15.177788
3.000000,12.682253
1.000000,11.209419
1.000000,10.570675
1.000000,10.708934
1.000000,10.678805
2.000000,10.474090
4.000000,11.704486
7.000000,13.137678
6.000000,14.283705
4.000000,12.705735
5.000000,10.814582
9.000000,11.492200
9.000000,14.339687
9.000000,14.423358
5.000000,13.890823
3.000000,11.592389
8.000000,10.545090
3.000000,13.128595
8.000000,9.339755
5.000000,12.047953
7.000000,10.095509
7.000000,11.919766
11.000000,12.134755
20.000000,15.305125
23.000000,21.825702
26.000000,23.537866
32.000000,25.771845
36.000000,29.709048
43.000000,32.539133
48.000000,37.433170
25.000000,41.930758
14.000000,24.961927
18.000000,17.531508
25.000000,20.958963
38.000000,26.164124
48.000000,35.154290
62.000000,42.335391
69.000000,51.991768
74.000000,57.192348
76.000000,64.842867
77.000000,66.121692
96.000000,67.774820
104.000000,91.481724
102.000000,88.558573
103.000000,84.078023
108.000000,95.010684
102.000000,95.664629
123.000000,87.468725
121.000000,110.605011
112.000000,111.265950
113.000000,101.546252
120.000000,97.964008
112.000000,97.667930
98.000000,93.651344
86.000000,84.708297
86.000000,76.172984
89.000000,75.733568
89.000000,79.322399
87.000000,78.403888
89.000000,78.241046
90.000000,79.368823
74.000000,79.884674
79.000000,67.618151
63.000000,72.277582
49.000000,60.705075
32.000000,49.274605
36.000000,36.057032
36.000000,38.029063
44.000000,37.862025
47.000000,45.041964
48.000000,49.143625
45.000000,49.433719
47.000000,47.136129
49.000000,48.104792
43.000000,50.230814
37.000000,44.463627
38.000000,38.075801
39.000000,37.561566
40.000000,38.879970
34.000000,40.452000
29.000000,35.124242
20.000000,30.564174
22.000000,22.969231
28.000000,24.563935
27.000000,28.947448
32.000000,28.515286
29.000000,32.586597
24.000000,30.633328
14.000000,26.294302
19.000000,17.246521
16.000000,20.799998
12.000000,18.115020
23.000000,15.093289
30.000000,23.618335
19.000000,28.431878
22.000000,20.071354
14.000000,22.056913
16.000000,16.360173
22.000000,17.716894
34.000000,21.766174
45.000000,29.466794
38.000000,36.995690
25.000000,31.859840
27.000000,23.519180
35.000000,24.645900
48.000000,30.323220
61.000000,38.444777
77.000000,47.331571
106.000000,60.991559
107.000000,85.172655
95.000000,86.525186
93.000000,72.979379
91.000000,69.548650
94.000000,68.202001
88.000000,71.506182
77.000000,67.303559
74.000000,62.237409
78.000000,61.754622
91.000000,67.776299
94.000000,80.968902
99.000000,83.483999
91.000000,85.579694
85.000000,79.185377
79.000000,74.727977
69.000000,69.454015
69.000000,61.509583
57.000000,62.662423
39.000000,53.729150
49.000000,40.877117
16.000000,49.731084
17.000000,25.586205
19.500000,25.827572
22.000000,27.902975
17.000000,29.509914
11.000000,25.168086
14.000000,21.193711
13.000000,22.894836
15.000000,21.363243
13.000000,23.262590
14.000000,20.914894
10.000000,20.990505
14.000000,18.607100
14.000000,21.499380
17.000000,20.813701
10.000000,22.478780
16.000000,16.750765
12.000000,21.097106
19.000000,17.737107
21.000000,21.920122
23.000000,23.657578
20.000000,25.319171
20.000000,23.718138
18.000000,23.216810
21.000000,21.889091
17.000000,23.704478
14.000000,20.176418
18.000000,17.542225
19.000000,20.893708
17.000000,21.657475
15.000000,20.254205
6.000000,18.340886
10.000000,11.609560
9.000000,14.175332
8.000000,13.339268
11.000000,13.038750
13.000000,14.974816
12.000000,16.512771
17.000000,15.851716
16.000000,19.014668
22.000000,18.291270
17.000000,21.773385
23.000000,18.997004
19.000000,22.306765
17.000000,19.404586
20.000000,18.627523
19.000000,19.747194
19.000000,19.322121
20.000000,19.778894
24.000000,20.417885
18.000000,22.968509
21.000000,19.521762
24.000000,21.942186
16.000000,24.061681
17.000000,19.278281
10.000000,20.413144
14.000000,16.122478
11.000000,18.595812
13.000000,16.848818
7.000000,18.373223
11.000000,14.857940
17.000000,17.850467
17.000000,21.921211
20.000000,21.338549
30.000000,22.969622
16.000000,29.228290
20.000000,20.564899
23.000000,23.054004
22.000000,25.076427
29.000000,23.965642
33.000000,29.255503
32.000000,31.894269
38.000000,31.166269
37.000000,35.056965
50.000000,34.521116
26.000000,43.136710
24.000000,26.512388
20.000000,24.902923
14.000000,22.016274
13.000000,18.263773
14.000000,17.790397
19.000000,18.617867
18.000000,21.456575
19.000000,20.919800
17.000000,21.841693
23.000000,19.921180
23.000000,23.907714
20.000000,23.300810
30.000000,21.328850
32.000000,28.042015
31.000000,29.324356
35.000000,28.797970
40.000000,31.638787
36.000000,35.753205
33.000000,32.058650
34.000000,29.911792
41.000000,30.045953
31.000000,34.725636
29.500000,28.402420
28.000000,27.105048
35.000000,26.664688
38.000000,31.876035
30.000000,34.190302
31.000000,28.125334
24.000000,28.908564
25.000000,23.742308
22.000000,24.709797
29.000000,22.609864
28.000000,27.350313
32.000000,27.272988
37.000000,31.030618
43.000000,34.895646
45.000000,39.116493
42.000000,40.619632
56.000000,37.150150
49.000000,49.987662
51.000000,43.162601
58.000000,45.012691
61.000000,52.432986
67.000000,55.741034
64.000000,61.974728
76.000000,58.422620
81.000000,71.682305
85.000000,72.986971
80.000000,78.813496
75.000000,75.203969
75.000000,70.483024
70.000000,73.211826
68.000000,66.688714
61.000000,64.377372
59.000000,57.754378
57.000000,57.120441
49.000000,52.961760
51.000000,46.728761
51.000000,49.589764
47.000000,49.008082
53.000000,46.113804
49.000000,51.431549
65.000000,47.449196
79.000000,61.797577
92.000000,75.856626
107.000000,85.677339
146.000000,98.845374
186.000000,136.034204
169.000000,168.521737
96.000000,154.106028
66.000000,93.283010
87.000000,61.087667
106.000000,81.832838
113.000000,98.765652
107.000000,101.931386
97.000000,96.734987
82.000000,88.254319
94.000000,76.411307
92.000000,87.949378
95.000000,87.781269
95.000000,91.943380
120.000000,91.332889
162.000000,116.285000
199.000000,161.219356
185.000000,207.346989
150.000000,187.941771
144.000000,144.376136
153.000000,141.910182
148.000000,152.608021
133.000000,147.709725
131.000000,129.557537
127.000000,130.747259
129.000000,129.216504
136.000000,128.792475
146.000000,137.966713
129.000000,145.825609
126.000000,127.085831
101.000000,123.901434
102.000000,96.803412
95.000000,98.412434
89.000000,92.053394
96.000000,86.519343
92.000000,92.249647
86.000000,91.353759
89.000000,87.564153
97.000000,89.056257
94.000000,95.212526
89.000000,89.018511
71.000000,87.831964
76.000000,73.024073
59.000000,78.675971
85.000000,64.383553
157.000000,91.760088
194.000000,178.129542
168.000000,228.273053
128.000000,181.335445
109.000000,130.370675
88.000000,111.221430
89.000000,90.282896
93.000000,91.918853
96.000000,94.459099
95.000000,92.069357
83.000000,85.929759
80.000000,79.908784
71.000000,86.330240
68.000000,78.857917
60.000000,72.392667
58.000000,63.553312
57.000000,63.388574
44.000000,64.714361
44.000000,52.686618
39.000000,52.448646
21.000000,47.067429
7.000000,31.988758
7.000000,18.373625
18.000000,18.171057
15.000000,26.182405
5.000000,23.225658
18.000000,16.292424
32.000000,24.979140
165.000000,36.387036
315.000000,146.084631
369.000000,325.381423
384.000000,385.772779
366.000000,414.842167
326.000000,376.206277
332.000000,313.964815
387.000000,302.115059
350.000000,383.510042
305.000000,366.605390
453.000000,340.895965
478.000000,493.915850
435.000000,482.110314
446.000000,423.823546
523.000000,435.479489
487.000000,541.192126
446.000000,456.974948
349.000000,395.423775
194.000000,338.128365
113.000000,192.230418
90.000000,80.846990
69.000000,58.384850
57.000000,51.430284
33.000000,47.111583
43.000000,34.172009
37.000000,40.625845
42.000000,36.825018
48.000000,40.938898
43.000000,45.996939
39.000000,33.026671
47.000000,29.214813
52.000000,33.952470
53.000000,37.001709
60.000000,32.225130
64.000000,36.224511
73.000000,37.644843
70.000000,50.343647
64.000000,62.322033
49.000000,46.653707
53.000000,36.202817
37.000000,40.945696
34.000000,34.054359
45.000000,28.917455
55.000000,35.621223
51.500000,42.775129
48.000000,48.492283
50.000000,59.517454
48.000000,59.547373
51.000000,55.822705
51.000000,60.953882
37.000000,58.289090
46.000000,42.988700
48.000000,52.467164
48.000000,56.876380
47.000000,63.468309
38.000000,54.919540
44.000000,33.539529
40.000000,29.767099
37.000000,27.639078
37.000000,26.774768
41.000000,26.720636
45.000000,29.493130
44.000000,28.126680
47.000000,32.350542
43.000000,34.513107
39.000000,17.010744
40.000000,13.127981
54.000000,14.627806
39.000000,16.558420
33.000000,11.017210
40.000000,11.991315
34.000000,13.498665
37.000000,18.096688
31.000000,27.667793
36.000000,18.891633
42.000000,17.049388
42.000000,20.502125
41.000000,21.138596
42.000000,18.086120
40.000000,20.149274
37.000000,20.732156
32.000000,26.453761
38.000000,33.325720
40.000000,28.325547
46.000000,25.709040
40.000000,30.098815
40.000000,27.725794
33.000000,23.113738
32.000000,23.647705
35.000000,24.891167
32.000000,31.263411
38.000000,36.021780
42.000000,32.420423
43.000000,31.145543
56.000000,33.196717
57.000000,39.067340
61.000000,35.205702
81.000000,38.917202
77.000000,45.865490
84.000000,54.129790
90.000000,67.783302
83.000000,54.165298
80.000000,48.387000
72.000000,51.216033
74.000000,46.884710
74.000000,38.998483
70.000000,42.596212
73.000000,45.771372
76.000000,55.558892
74.000000,67.269834
82.000000,68.585760
107.000000,78.922195
116.000000,108.425750
105.000000,122.708528
41.000000,115.318349
46.000000,44.008397
65.000000,47.810768
59.000000,66.123173
88.000000,59.680729
252.000000,88.571676
356.000000,254.192392
568.000000,403.783830
319.000000,674.310572
55.000000,346.850100
40.000000,54.562775
35.000000,40.624246
54.000000,37.452266
58.000000,52.211306
60.000000,57.196560
48.000000,61.847029
32.000000,51.800910
31.000000,32.461272
28.000000,39.609676
26.000000,30.309995
24.000000,28.488198
33.000000,27.029837
36.000000,34.841746
56.000000,37.567139
63.000000,54.826447
68.000000,55.331242
56.000000,40.030685
37.000000,51.769953
40.000000,37.646336
31.000000,40.345050
34.000000,32.287821
45.000000,35.921670
59.000000,45.338487
52.000000,58.075587
50.000000,49.367075
52.000000,33.997843
49.000000,48.713059
47.000000,46.875918
45.000000,44.559532
48.000000,41.900017
51.000000,44.433301
50.000000,46.902466
52.000000,49.836394
48.000000,51.590172
54.000000,39.437883
63.000000,53.620654
68.000000,62.317860
76.000000,66.017956
76.000000,72.011289
84.000000,69.728179
83.000000,76.747901
51.000000,83.899694
37.000000,53.539695
37.000000,36.911131
30.000000,41.662997
34.000000,33.064812
32.000000,35.531170
37.000000,33.344890
31.000000,37.578912
33.000000,32.610349
33.000000,27.453031
31.000000,21.408852
29.000000,10.713649
30.000000,20.855632
27.000000,31.553924
30.000000,29.867689
34.000000,32.040379
36.000000,35.116451
35.000000,36.469042
38.000000,34.897019
43.000000,32.711657
67.000000,21.410714
59.000000,50.036227
68.000000,56.397726
72.000000,63.918219
66.000000,66.491276
57.000000,61.677309
53.000000,54.292770
67.000000,47.916962
67.000000,49.328026
65.000000,28.858967
80.000000,52.324262
73.000000,79.011067
71.000000,71.962624
66.000000,69.769724
59.000000,65.199776
62.000000,58.167003
65.000000,60.578198
54.000000,59.188550
52.000000,36.605043
53.000000,51.550159
56.000000,54.886483
55.000000,57.308528
56.000000,54.978697
64.000000,57.219231
62.000000,62.803619
88.000000,57.346561
107.000000,65.106268
105.000000,44.225435
97.000000,77.439542
96.000000,93.881259
107.000000,91.580651
106.000000,98.767032
107.000000,101.493325
86.000000,102.136678
91.000000,82.029909
85.000000,88.601985
84.000000,81.922815
88.000000,80.848752
86.000000,83.006001
79.000000,81.068570
81.000000,74.113659
81.000000,76.544653
68.000000,77.378921
65.000000,66.223915
46.000000,64.915746
41.000000,48.199353
68.000000,44.978121
70.000000,68.883402
76.000000,71.344181
55.000000,76.292173
39.000000,56.441016
30.000000,42.418975
34.000000,34.489441
42.000000,37.838647
34.000000,42.841661
45.000000,35.215751
36.000000,46.707872
36.000000,38.647190
39.000000,38.769465
44.000000,40.622867
44.000000,44.476630
40.000000,43.952382
39.000000,39.797856
35.000000,38.088477
29.000000,34.648699
29.000000,30.431636
27.000000,30.633167
29.000000,29.451275
25.000000,31.087892
29.000000,28.239678
22.000000,30.786321
27.000000,25.419544
38.000000,29.735455
50.000000,38.488765
55.000000,48.350173
55.000000,52.165223
63.000000,52.644210
66.000000,59.767950
68.000000,61.433108
70.000000,63.242764
84.000000,61.681616
81.000000,71.657394
87.000000,70.747950
92.000000,78.091779
84.000000,83.186526
90.000000,74.558756
70.000000,80.206389
64.000000,61.854121
58.000000,59.433506
56.000000,52.401091
55.000000,50.620974
60.000000,49.955093
66.000000,56.442919
72.000000,61.442208
94.000000,66.495387
100.000000,84.170974
105.000000,87.414498
110.000000,98.425997
113.000000,97.309298
109.000000,100.629716
110.000000,96.866793
112.000000,96.376374
108.000000,97.709557
136.000000,93.235606
133.000000,123.280225
134.000000,122.959406
122.000000,127.715241
114.000000,114.957311
112.000000,108.508350
112.000000,107.828016
91.000000,106.503333
95.000000,88.473383
76.000000,92.124904
64.000000,77.446649
74.000000,65.882476
69.000000,74.472306
58.000000,69.701665
51.000000,60.681527
40.000000,55.187112
37.000000,47.426150
43.000000,44.295092
37.000000,49.679847
39.000000,44.617430
39.000000,45.431150
35.000000,44.772004
40.000000,41.195508
44.000000,44.628882
55.000000,46.610690
53.000000,56.913793
56.000000,54.690729
55.000000,57.659759
52.000000,56.077399
49.000000,51.302811
45.000000,48.036609
43.000000,43.876110
41.000000,41.344418
38.000000,39.375625
41.000000,38.168361
39.000000,40.038446
35.000000,39.397289
37.000000,36.395757
40.000000,38.518893
38.000000,41.435904
41.000000,39.429006
67.000000,42.323418
62.000000,64.987093
62.000000,60.124558
58.000000,58.968515
48.000000,55.182377
61.000000,46.102221
76.000000,55.900535
82.000000,69.073557
86.000000,71.794590
93.000000,74.297145
97.000000,82.799843
101.000000,85.586246
99.000000,87.149308
79.000000,86.496801
64.000000,63.735099
60.000000,52.974382
75.000000,51.371418
65.000000,62.879217
80.000000,56.274445
74.000000,69.227253
79.000000,64.504164
73.000000,70.527790
73.000000,65.655718
68.000000,64.322140
62.000000,60.473690
60.000000,55.141945
59.000000,54.353552
66.000000,54.488487
61.000000,62.144936
54.000000,59.468628
65.000000,54.979938
53.000000,63.417369
42.000000,53.792395
37.000000,44.647757
47.000000,40.689922
50.000000,48.663688
54.000000,50.652278
54.000000,55.391118
55.000000,54.115417
67.000000,55.282715
59.000000,65.447354
44.000000,57.834098
52.000000,45.382830
58.000000,52.360922
52.000000,58.295761
45.000000,53.312073
37.000000,49.718157
40.000000,42.362909
36.000000,44.199494
24.000000,41.561222
18.000000,30.423576
18.000000,24.880446
17.000000,25.516550
21.000000,24.856740
16.000000,27.448382
15.000000,22.853982
15.000000,21.883316
11.000000,21.495347
24.000000,18.833778
33.000000,27.471934
33.000000,33.195333
24.000000,32.732945
26.000000,25.864153
23.000000,27.143706
22.000000,24.805809
37.000000,23.641260
49.000000,34.386117
42.000000,43.471972
24.000000,39.334517
22.000000,26.343840
33.000000,24.849912
40.000000,31.641874
31.000000,37.632137
38.000000,30.371599
41.000000,35.292854
13.000000,37.766602
54.000000,19.081416
126.000000,49.767196
145.000000,120.728429
148.000000,131.577265
126.000000,131.152919
122.000000,116.540342
110.000000,106.139920
89.000000,96.948158
71.000000,79.562514
59.000000,61.394917
51.000000,56.877522
50.000000,49.245309
44.000000,49.785049
44.000000,45.423620
54.000000,45.093898
56.000000,52.087324
60.000000,53.242839
81.000000,56.849394
99.000000,70.849296
129.000000,96.655921
154.000000,114.559969
140.000000,134.209823
106.000000,119.813062
81.000000,92.469445
76.000000,71.493137
77.000000,68.187815
102.000000,70.598110
131.000000,91.974940
143.000000,125.550765
178.000000,138.374619
149.000000,175.554518
124.000000,143.190477
100.000000,117.287237
101.000000,93.097567
91.000000,94.402214
77.000000,87.645120
67.000000,75.468689
66.000000,68.194720
68.000000,68.005813
60.000000,71.080301
65.000000,64.855897
68.000000,68.047696
72.000000,68.967038
120.000000,72.888340
113.000000,119.654477
96.000000,105.729474
81.000000,93.475098
68.000000,85.541543
68.000000,74.396627
62.000000,73.441880
59.000000,65.324705
60.000000,62.173600
69.000000,61.818489
42.000000,71.473341
47.000000,47.326774
46.000000,48.528498
54.000000,42.899870
55.000000,48.043769
54.000000,47.799212
47.000000,47.547015
58.000000,41.614408
54.000000,50.769695
53.000000,50.693090
53.000000,50.708961
57.000000,53.344623
53.000000,58.471030
49.000000,56.506004
64.000000,51.643444
67.000000,63.345771
59.000000,61.962501
53.000000,55.742406
53.000000,51.843816
60.000000,50.608762
60.000000,57.423429
66.000000,55.142102
57.000000,58.779320
44.000000,51.507234
39.000000,43.811964
46.000000,39.763743
48.000000,45.852006
48.000000,48.350329
44.000000,44.542573
42.000000,40.771353
52.000000,39.637982
50.000000,44.211215
42.000000,44.445613
52.000000,40.145646
50.000000,48.762401
48.000000,47.765588
44.000000,48.704011
45.000000,43.769507
44.000000,44.904202
24.000000,43.981509
42.000000,30.584089
46.000000,42.351921
43.000000,44.500861
22.000000,42.646235
34.000000,27.540600
41.000000,34.125197
72.000000,38.431621
70.000000,62.782867
61.000000,62.715107
48.000000,55.924858
33.000000,47.039551
44.000000,35.570677
42.000000,43.565278
43.000000,41.152118
33.000000,41.414276
44.000000,36.264535
48.000000,46.972304
42.000000,50.906811
45.000000,45.678402
53.000000,46.676320
61.000000,51.903295
69.000000,59.393409
61.000000,64.290111
56.666667,56.802289
52.333333,52.959903
48.000000,51.141676
40.000000,47.565042
34.000000,41.406872
39.000000,36.523800
41.000000,38.915677
54.000000,41.150091
50.000000,52.250986
51.000000,49.856510
49.000000,49.995648
42.000000,48.126302
34.000000,42.153526
34.000000,35.142588
34.000000,35.768160
41.000000,36.353461
35.000000,42.467406
34.000000,37.601579
36.000000,36.306799
34.000000,36.985279
31.000000,36.099888
27.000000,33.416380
26.000000,29.233809
20.000000,29.006633
30.000000,24.736027
36.000000,32.156258
37.000000,36.328462
38.000000,37.730992
31.000000,39.454897
38.000000,33.512734
35.000000,39.181185
51.000000,36.538153
60.000000,50.882708
50.000000,58.517842
58.000000,49.772911
54.000000,56.695767
52.000000,53.605162
63.000000,51.858896
74.000000,60.471057
63.000000,73.421829
62.000000,62.613683
54.000000,65.269296
53.000000,54.609693
54.000000,53.131077
65.000000,54.564143
63.000000,67.355125
70.000000,65.439777
54.000000,69.690784
54.000000,54.468266
61.000000,55.048238
75.000000,66.158270
76.000000,85.253651
82.000000,84.941197
69.000000,86.494592
65.000000,73.647358
62.000000,69.286886
56.000000,63.267035
66.000000,56.711845
76.000000,68.013190
59.000000,79.859128
44.000000,59.208295
36.000000,45.721125
42.000000,36.881691
40.000000,42.999964
45.000000,41.673307
42.000000,45.734090
51.000000,42.650483
53.000000,51.206760
53.000000,53.192265
63.000000,51.915771
52.000000,62.220935
32.000000,49.842088
44.000000,33.904671
35.000000,43.747455
35.000000,36.500212
36.000000,36.727387
36.000000,37.833017
47.000000,38.188864
58.000000,47.792664
68.000000,57.929047
64.000000,66.268014
60.000000,61.933839
72.000000,58.972465
73.000000,70.480217
71.000000,71.926670
75.000000,69.272986
76.000000,70.902337
70.000000,72.772078
59.000000,69.213426
62.000000,58.245385
63.000000,61.331493
63.000000,63.556768
65.000000,62.112674
61.000000,63.671206
79.000000,59.136952
88.000000,75.466902
123.000000,85.707417
63.000000,122.357267
37.000000,61.775007
49.000000,38.622347
69.000000,49.557087
58.000000,67.340043
41.000000,57.201720
29.000000,41.674213
33.000000,32.234490
36.000000,34.606384
33.000000,37.704125
40.000000,33.382432
34.000000,38.809426
26.000000,34.980214
20.000000,29.047794
24.000000,24.610008
25.000000,26.609241
21.000000,27.077184
28.000000,24.975681
22.000000,31.430748
20.000000,26.281207
15.000000,24.185461
29.000000,20.700330
25.000000,30.864934
21.000000,27.639298
24.000000,24.208005
29.000000,26.588973
29.000000,30.588276
36.000000,30.771520
36.000000,36.324478
32.000000,37.150067
42.000000,33.042058
21.000000,42.626015
32.000000,25.174264
42.000000,33.507974
31.000000,41.968853
30.000000,33.056751
26.000000,31.944250
31.000000,28.331304
26.000000,32.337494
24.000000,28.283157
22.000000,26.965895
25.000000,24.279962
24.000000,27.369895
25.000000,27.166309
30.000000,27.592982
40.000000,32.018608
37.000000,38.638201
31.000000,36.933823
36.000000,31.937075
36.000000,35.709032
30.000000,34.605492
34.000000,30.948231
37.000000,32.667893
31.000000,34.440703
52.000000,28.499268
51.000000,50.628158
44.000000,50.306685
42.000000,43.401607
39.000000,39.520318
34.000000,37.399651
30.000000,34.023916
13.000000,30.744425
16.000000,19.384014
13.000000,21.577569
10.000000,20.262040
23.000000,17.487955
42.000000,26.953162
59.000000,42.330193
67.000000,57.592046
70.000000,66.664055
55.000000,66.265626
47.000000,50.248085
38.000000,42.410227
38.000000,37.797310
33.000000,37.799233
39.000000,34.518986
33.000000,40.172329
24.000000,35.060779
27.000000,28.492146
23.000000,30.894730
30.000000,26.704370
23.000000,31.902634
26.000000,25.643005
29.000000,27.536937
35.000000,30.235540
32.000000,36.320497
40.000000,33.384405
38.000000,39.529758
34.000000,36.872953
33.000000,33.315305
38.000000,32.440485
35.000000,37.482564
40.000000,35.449240
36.000000,39.628246
41.000000,36.492294
36.000000,39.135422
37.000000,34.859803
32.000000,35.635991
42.000000,31.601958
35.000000,41.258889
40.000000,34.976870
39.000000,39.310522
25.000000,38.766389
32.000000,27.414270
24.000000,31.940754
37.000000,25.603042
34.000000,36.193046
30.000000,33.270271
33.000000,31.210792
30.000000,33.838715
28.000000,31.260265
32.000000,29.705246
30.000000,33.172530
32.000000,30.919527
36.000000,32.061894
34.000000,36.738786
37.000000,34.583026
39.000000,37.469577
39.000000,39.023617
36.000000,39.229753
27.000000,36.352219
43.000000,28.948086
45.000000,41.695172
37.000000,42.968570
36.000000,36.746707
47.000000,35.643435
46.000000,46.343166
53.000000,45.798545
77.000000,52.266832
103.000000,79.443718
101.000000,115.083771
101.000000,109.226190
95.000000,105.599990
97.000000,97.059331
97.000000,100.370179
93.000000,105.526716
94.000000,100.664327
91.000000,101.877236
92.000000,98.049457
111.000000,91.036117
117.000000,111.113442
103.000000,113.184126
94.000000,100.739288
88.000000,89.839129
85.000000,86.084286
71.000000,82.615868
54.000000,68.337213
56.000000,53.305028
55.000000,54.132240
39.000000,53.814466
37.000000,40.652312
46.000000,39.405213
56.000000,45.602228
52.000000,53.854563
54.000000,50.293982
48.000000,51.422941
48.000000,45.382844
51.000000,46.022355
46.000000,48.767892
46.000000,44.367019
56.000000,43.765048
50.000000,51.702563
44.000000,48.186836
43.000000,42.615357
47.000000,42.093138
41.000000,45.121113
51.000000,39.975792
42.000000,49.438238
48.000000,41.054874
45.000000,45.416501
47.000000,43.304115
39.000000,45.703528
40.000000,38.347318
57.000000,39.487608
64.000000,55.821314
77.000000,63.257325
83.000000,76.427661
73.000000,80.676249
66.000000,71.481165
60.000000,64.716831
54.000000,58.954698
66.000000,52.521338
71.000000,63.273239
68.000000,67.268631
75.000000,60.624892
75.000000,69.096123
68.000000,67.609705
67.000000,62.463450
73.000000,60.976392
65.000000,66.373982
76.000000,59.363045
87.000000,69.750986
75.000000,78.888730
61.000000,64.872039
54.000000,52.836354
79.000000,45.902634
79.000000,67.082225
79.000000,68.833172
59.000000,70.276968
40.000000,53.832426
43.000000,39.719188
53.000000,42.986360
52.000000,49.494995
60.000000,49.331025
53.000000,55.391716
52.000000,51.262705
59.000000,50.489238
59.000000,56.076686
57.000000,55.126361
55.000000,53.014331
57.000000,53.475326
58.000000,55.604474
71.000000,57.399491
65.000000,68.728455
68.000000,63.544525
61.000000,65.132277
51.000000,60.152198
65.000000,50.805263
77.000000,62.917127
70.000000,75.394079
64.000000,70.209470
73.000000,65.627632
78.000000,76.112017
78.000000,78.765451
76.000000,78.207657
92.000000,75.690992
88.000000,89.891319
76.000000,87.459800
81.000000,75.084723
75.000000,78.826003
76.000000,71.055950
69.000000,71.091082
67.000000,66.408250
70.000000,65.804491
63.000000,69.767073
58.000000,62.850202
76.000000,57.879406
84.000000,73.783176
92.000000,81.710359
76.000000,87.180821
73.000000,70.857649
64.500000,70.154866
56.000000,63.186197
43.000000,55.502425
36.000000,43.608056
41.000000,36.450377
39.000000,40.541303
33.000000,40.231540
39.000000,36.704678
36.000000,41.433973
36.000000,37.534633
40.000000,37.223117
42.000000,40.130143
33.000000,41.318009
38.000000,34.700296
32.000000,39.822367
38.000000,34.768059
42.000000,39.932894
36.000000,43.591918
34.000000,38.360811
37.000000,36.446849
40.000000,38.290584
42.000000,39.818572
43.000000,41.711382
42.000000,44.094410
40.000000,42.692135
42.000000,41.128465
46.000000,42.872699
46.000000,45.936754
47.000000,45.424333
37.000000,46.877547
29.000000,39.077732
32.000000,31.936185
28.000000,34.237654
23.000000,31.171036
23.000000,27.108856
22.000000,27.149716
18.000000,26.390720
18.000000,23.369089
11.000000,23.725715
6.000000,17.584828
17.000000,14.179349
12.000000,22.250311
10.000000,18.632647
9.000000,16.997634
11.000000,16.507374
14.000000,18.219509
13.000000,20.056100
17.000000,19.253691
12.000000,21.175168
10.000000,17.488198
18.000000,16.431849
16.000000,21.228069
12.000000,19.439699
14.000000,17.739557
20.000000,18.904680
25.000000,23.048614
25.000000,26.683569
27.000000,26.827262
25.000000,27.940585
25.000000,26.983211
20.000000,26.973744
18.000000,23.585249
18.000000,22.370511
16.000000,22.328204
12.000000,21.173691
15.000000,18.463578
20.000000,20.405480
17.000000,23.956527
17.000000,22.020511
25.000000,22.245975
25.000000,27.015407
31.000000,26.935206
32.000000,31.348096
31.000000,32.224264
35.000000,31.470526
30.000000,33.781030
23.000000,29.955626
18.000000,25.435831
20.000000,21.915137
24.000000,23.329352
28.000000,26.014884
34.000000,29.153130
39.000000,33.825115
42.000000,37.455365
37.000000,40.641427
45.000000,35.639273
39.000000,41.441917
38.000000,35.710327
37.000000,34.832965
41.000000,35.084212
44.000000,39.011891
47.000000,42.845750
50.000000,46.581281
57.000000,50.333440
60.000000,54.662978
67.000000,59.495279
55.000000,65.081314
43.000000,52.401008
32.000000,41.427633
38.000000,32.584352
56.000000,38.109350
75.000000,55.675743
78.000000,76.573750
76.000000,77.976612
83.000000,78.161694
78.000000,85.854915
94.000000,79.439708
84.000000,94.897617
75.000000,83.736849
74.000000,75.288135
65.000000,74.588458
65.000000,63.139196
71.000000,62.002581
68.000000,68.140052
73.000000,64.305029
73.000000,69.775603
78.000000,67.660424
79.000000,73.494233
57.000000,75.902222
52.000000,54.775463
62.000000,49.661355
73.000000,56.916005
44.000000,67.551943
51.000000,41.458699
53.000000,47.113924
58.000000,48.460669
60.000000,53.721551
53.000000,56.546027
74.000000,49.633278
67.000000,67.579917
70.000000,60.756787
60.000000,65.087980
54.000000,54.854800
56.000000,49.756059
64.000000,50.395298
60.000000,57.739480
62.000000,55.547105
61.000000,57.479139
74.000000,57.730497
83.000000,70.339180
82.000000,78.157578
79.000000,77.242027
84.000000,73.429406
61.000000,76.920227
44.000000,55.876874
52.000000,41.809447
46.000000,49.558349
37.000000,45.182624
30.000000,37.898233
32.000000,32.248847
29.000000,33.212323
31.000000,31.123280
29.000000,33.738159
24.000000,31.800864
17.000000,26.806220
9.000000,21.429804
10.000000,15.268926
16.000000,15.742228
22.000000,19.934854
31.000000,23.885963
35.000000,30.720057
54.000000,33.228070
65.000000,49.078359
40.000000,59.179988
47.000000,37.650695
45.000000,42.731526
48.000000,40.963462
48.000000,43.790055
40.000000,42.502641
40.000000,36.930499
27.000000,37.016402
30.000000,28.288989
33.000000,31.146066
44.000000,33.411023
44.000000,42.968174
55.000000,42.337362
48.000000,51.312887
46.000000,46.992103
43.000000,44.419603
32.000000,41.521672
49.000000,32.623114
45.000000,46.401593
48.000000,44.525989
48.000000,46.889787
50.000000,46.939619
47.000000,48.636210
59.000000,47.070230
62.000000,57.477071
69.000000,59.516071
72.000000,62.792664
70.000000,66.226733
68.000000,68.601560
23.000000,63.331992
33.000000,26.554255
34.000000,33.321734
26.000000,34.087904
22.000000,28.986259
41.000000,26.093657
21.000000,41.061044
17.000000,26.767356
23.000000,23.170233
14.000000,27.266608
13.000000,19.929573
16.000000,20.192568
31.000000,21.624990
43.000000,32.690102
41.000000,41.785441
44.000000,42.315101
55.000000,44.209377
75.000000,52.869067
62.000000,72.527547
67.000000,57.459020
74.000000,62.146771
81.000000,68.967331
69.000000,76.112943
65.000000,64.673356
66.000000,61.618820
64.000000,60.585852
59.000000,60.537500
66.000000,56.651077
74.000000,63.415073
68.000000,70.758790
66.000000,66.139690
64.000000,65.935220
81.000000,64.350174
93.000000,80.449674
89.000000,92.347736
81.000000,89.956044
73.000000,79.629137
67.000000,72.244765
78.000000,63.925076
84.000000,75.822573
93.000000,81.713674
94.000000,90.462435
100.000000,94.128500
99.000000,95.938433
68.000000,94.703245
25.000000,63.667578
31.000000,27.352606
18.000000,31.911087
25.000000,23.012058
27.000000,27.750175
22.000000,29.515285
23.000000,26.315142
23.000000,27.079263
30.000000,26.290887
36.000000,30.955518
29.000000,34.662469
49.000000,29.674997
51.000000,44.903430
38.000000,48.124256
41.000000,38.273470
40.000000,39.441639
36.000000,40.291909
37.000000,37.133685
39.000000,38.831765
34.000000,39.298844
30.000000,35.736310
29.000000,32.882860
23.000000,31.981544
19.000000,26.088331
15.000000,22.885299
23.000000,20.022753
32.000000,25.605997
38.000000,32.198051
36.000000,37.197003
42.000000,35.452613
49.000000,39.900958
55.000000,45.663461
48.000000,50.576363
50.000000,45.325980
53.000000,47.315177
59.000000,49.965005
49.000000,55.842329
41.000000,45.745831
48.000000,38.824183
39.000000,44.286303
37.000000,37.790691
44.000000,36.671456
45.000000,41.449885
41.000000,40.846076
47.000000,38.379966
49.000000,43.919808
49.000000,44.888498
54.000000,44.720145
51.000000,47.893679
60.000000,45.343652
72.000000,53.522992
77.000000,62.836447
87.000000,63.109558
100.000000,72.343370
100.000000,94.388935
98.000000,97.986348
101.000000,94.901330
94.000000,96.514605
87.000000,88.925134
85.000000,80.636508
79.000000,78.144608
85.000000,71.406241
81.000000,77.286980
79.000000,76.644532
66.000000,76.941904
64.000000,65.071014
65.000000,61.506658
87.000000,61.986516
102.000000,81.940244
112.000000,94.897970
116.000000,103.062992
122.000000,109.032961
107.000000,118.794836
102.000000,104.430103
98.000000,98.983958
96.000000,95.277802
91.000000,94.294043
93.000000,91.034637
92.000000,93.659082
100.000000,94.006131
113.000000,102.016641
104.000000,114.899277
115.000000,99.825723
107.000000,109.616809
106.000000,101.258071
95.000000,98.823613
106.000000,88.637320
107.000000,101.512397
98.000000,102.776673
95.000000,94.637261
95.000000,93.757953
102.000000,93.432008
105.000000,100.724037
109.000000,104.403749
112.000000,109.013710
107.000000,111.843565
92.000000,108.369867
88.000000,92.918104
88.000000,90.342840
76.000000,91.521088
64.600000,79.222649
53.200000,67.156544
41.800000,56.800930
30.400000,46.604311
19.000000,35.932208
47.000000,26.142627
69.000000,48.640199
74.000000,68.392820
78.000000,72.604928
84.000000,75.022640
80.000000,78.490603
87.000000,73.625080
88.000000,80.204994
91.000000,82.665618
84.000000,85.605647
86.000000,82.283730
89.000000,86.106317
97.000000,91.579100
107.000000,97.350494
125.000000,108.923964
105.000000,127.154029
98.000000,105.173925
86.000000,93.913703
80.000000,81.517350
75.000000,75.930743
76.000000,71.835678
68.000000,73.760844
72.000000,67.555319
61.000000,73.033952
74.000000,63.706853
73.000000,74.329041
72.000000,72.468550
65.000000,71.427423
56.000000,65.355942
38.000000,56.842055
39.000000,41.877214
33.000000,42.784695
18.000000,37.775138
9.000000,26.511256
3.000000,19.954148
5.000000,16.213708
12.000000,17.799238
22.000000,22.083708
31.000000,29.578275
33.000000,35.903075
54.000000,36.792514
58.000000,51.231963
58.392857,52.255197
58.785714,51.308182
59.178571,50.944901
59.571429,51.025402
59.964286,54.468492
60.357143,57.296953
60.750000,58.143141
61.142857,59.462044
61.535714,61.980241
61.928571,62.516250
62.321429,63.227299
62.714286,63.962661
63.107143,65.073386
63.500000,63.425651
63.892857,62.846206
64.285714,63.344790
64.678571,63.507860
65.071429,65.258140
65.464286,65.785173
65.857143,64.511243
66.250000,63.514553
66.642857,63.213192
67.035714,63.949751
67.428571,63.456249
67.821429,62.832841
68.214286,62.112212
68.607143,62.332459
69.000000,59.527856
61.000000,61.836781
68.000000,55.639293
58.000000,61.758480
71.000000,54.504738
73.000000,65.242570
67.000000,65.823914
62.000000,61.249276
57.000000,56.953000
52.000000,52.032867
52.000000,47.022910
53.000000,45.969421
34.000000,46.811235
37.000000,34.766263
35.000000,38.891578
39.000000,38.739234
40.000000,41.648868
54.000000,43.533705
58.000000,55.337444
67.000000,59.046146
64.000000,66.889668
76.000000,64.251136
89.000000,74.327796
84.000000,87.536153
73.000000,82.323969
74.000000,72.329043
63.000000,71.957086
76.000000,62.769116
90.000000,74.164841
106.000000,87.441299
95.000000,102.753326
81.000000,91.809154
76.000000,79.402644
71.000000,74.410116
72.000000,69.109750
72.000000,69.898247
83.000000,68.647558
73.000000,80.085554
79.000000,71.239365
66.000000,77.769480
72.000000,64.838954
107.000000,70.458320
89.000000,103.089543
78.000000,86.303466
70.000000,75.067303
65.000000,66.458396
79.000000,61.422136
82.000000,72.226032
91.000000,75.832342
88.000000,81.840565
71.000000,81.289830
70.000000,67.583006
64.000000,66.323424
68.000000,61.439586
72.000000,64.792134
89.000000,67.011939
148.000000,83.461304
106.000000,141.183235
82.000000,99.008724
84.000000,76.883875
80.000000,78.015822
77.000000,75.085809
74.000000,73.128153
55.000000,71.833566
68.000000,55.679219
64.000000,69.709084
58.000000,69.001248
55.000000,63.331565
66.000000,59.575245
113.000000,69.757428
131.000000,114.726970
141.000000,133.684903
140.000000,141.005191
133.000000,140.722510
101.000000,135.262989
91.000000,104.398151
66.000000,90.298509
51.000000,64.108135
35.000000,52.443511
38.000000,40.552728
40.000000,43.352046
39.000000,45.778331
39.000000,44.250025
47.000000,43.542125
56.000000,49.180145
61.000000,55.336537
58.000000,59.709752
63.000000,58.569731
70.000000,62.070051
89.000000,67.228259
89.000000,84.041915
95.000000,81.426973
116.000000,90.549665
109.000000,114.304982
85.000000,106.243654
62.000000,80.947468
87.000000,56.517064
60.000000,79.724370
63.000000,57.247486
52.000000,62.123648
53.000000,52.558920
56.000000,54.856393
48.000000,61.235187
24.000000,51.014531
37.000000,30.001624
37.000000,39.657656
38.000000,41.013272
42.000000,41.273331
43.000000,45.072693
43.000000,44.806079
47.000000,45.285403
39.000000,45.295518
35.000000,40.531894
37.000000,36.411586
40.000000,38.099279
43.000000,42.203529
55.000000,45.092022
57.000000,56.305308
64.000000,59.523335
62.000000,64.377137
63.000000,61.146543
90.000000,61.719438
71.000000,82.610929
66.000000,65.390640
69.000000,56.708740
71.000000,57.437043
78.000000,59.583732
74.000000,64.947207
73.000000,63.449780
73.000000,66.525410
75.000000,68.416712
68.000000,72.557790
66.000000,65.271174
63.000000,64.757955
62.000000,60.768345
60.000000,61.687086
74.000000,59.968721
63.000000,73.892462
97.000000,67.851096
94.000000,97.053646
76.000000,90.055249
55.000000,74.344567
65.000000,54.814978
52.000000,60.358652
52.000000,49.414758
46.000000,48.297777
42.000000,45.037110
50.000000,41.225429
59.000000,47.622217
53.000000,54.198243
59.000000,51.722433
56.000000,54.457735
48.000000,54.625608
38.000000,48.128495
37.000000,40.497555
37.000000,39.942217
28.000000,38.800931
34.000000,32.696560
34.000000,38.023106
38.000000,36.603801
36.000000,39.612002
35.000000,38.596540
34.000000,37.992046
25.000000,36.836229
25.000000,30.283870
29.000000,29.871675
30.000000,33.209287
48.000000,34.562498
62.000000,48.232311
57.000000,60.355935
39.000000,56.324064
46.000000,40.186526
44.000000,45.766488
53.000000,43.208693
50.000000,50.983830
37.000000,49.171141
41.000000,36.578299
53.000000,40.930614
70.000000,52.564999
89.000000,67.402139
74.000000,82.622218
53.000000,68.257729
56.000000,49.580984
54.000000,51.602140
58.000000,51.225130
38.000000,52.482926
38.000000,38.095691
56.000000,38.577324
54.000000,55.300772
59.000000,52.920891
70.000000,57.935691
47.000000,67.503977
45.000000,47.134175
38.000000,41.849421
26.000000,35.648279
34.000000,27.885065
34.000000,35.023572
35.000000,35.633063
36.000000,37.069805
42.000000,37.856479
44.000000,42.831357
41.000000,44.327040
36.000000,39.669188
38.000000,35.828711
37.000000,37.372749
34.000000,37.122559
35.000000,34.927814
35.000000,35.768945
42.000000,36.579673
31.000000,42.430858
25.000000,33.497313
32.000000,29.103210
38.000000,33.976087
39.000000,38.954687
32.000000,40.425331
35.000000,34.457424
41.000000,36.182314
43.000000,41.390806
47.000000,43.827335
36.000000,47.204402
43.000000,37.440445
40.000000,42.961874
50.000000,41.104639
55.000000,49.910582
52.000000,53.577811
44.000000,51.490717
50.000000,44.517891
51.000000,49.310865
50.000000,50.828624
41.000000,47.249686
48.000000,41.332311
54.000000,48.345878
53.000000,55.759570
50.000000,52.463420
43.000000,48.352271
48.000000,43.122069
42.000000,48.423184
43.000000,43.831393
64.000000,44.486192
81.000000,67.454460
98.000000,88.855589
75.000000,104.149073
58.000000,76.481224
44.000000,55.853441
49.000000,43.818781
57.000000,48.651146
53.000000,57.422811
62.000000,55.014541
55.000000,64.388232
45.000000,57.205891
35.000000,46.714252
22.000000,37.591865
14.000000,26.462997
12.000000,20.349920
8.000000,18.702097
14.000000,15.837926
12.000000,20.238013
20.000000,19.040273
18.000000,24.875981
17.000000,23.508270
12.000000,22.687986
12.000000,18.354929
14.000000,18.120411
11.000000,19.280265
12.000000,17.157307
15.000000,17.904084
12.000000,19.676536
11.000000,16.993979
24.000000,16.471117
14.000000,26.676126
14.000000,19.103403
28.000000,18.739113
21.000000,29.044242
9.000000,23.090910
13.000000,14.823972
17.000000,17.220798
24.000000,19.562301
22.000000,24.507890
25.000000,23.802647
38.000000,25.731238
50.000000,36.131950
67.000000,47.449904
64.000000,62.693279
62.000000,58.168071
70.000000,56.415608
72.000000,63.334184
87.000000,64.626161
112.000000,83.174653
116.000000,111.755938
122.000000,123.531595
114.000000,134.593530
110.000000,115.939398
126.000000,109.789596
141.000000,123.047728
134.000000,131.672275
120.000000,119.363777
108.000000,113.669508
96.000000,96.961027
103.000000,87.592572
109.000000,92.431699
103.000000,97.525763
127.000000,93.751205
131.000000,108.501496
125.000000,110.769305
131.000000,106.342929
137.000000,117.199669
144.000000,121.658503
150.000000,129.399860
175.000000,139.176885
156.000000,164.419282
147.000000,141.439091
147.000000,133.718433
143.000000,133.827336
131.000000,131.591459
145.000000,124.241451
165.000000,138.028674
164.000000,160.596619
174.000000,166.711637
166.000000,179.224527
152.000000,165.671373
153.000000,152.843445
143.000000,158.701608
156.000000,150.916766
188.000000,163.373329
148.000000,206.567723
141.000000,159.080573
135.000000,153.269791
138.000000,149.918822
133.000000,154.130050
159.000000,150.805172
187.000000,186.187084
143.000000,220.233713
137.000000,163.924971
165.000000,157.049034
186.000000,186.388817
130.000000,213.238761
143.000000,138.369784
129.000000,154.287573
115.000000,143.187075
124.000000,129.279164
124.000000,138.033335
112.000000,132.987694
110.000000,112.139542
112.000000,109.268270
107.000000,112.055084
100.000000,107.265276
82.000000,100.252100
93.000000,82.162071
101.000000,90.593686
108.000000,98.562070
114.000000,108.972883
107.000000,114.620435
112.000000,111.174345
103.000000,116.813516
106.000000,108.717598
103.000000,109.671448
95.000000,100.086885
90.000000,91.656347
109.000000,88.157547
174.000000,107.116139
144.000000,178.649433
128.000000,144.906648
100.000000,126.956644
23.000000,96.207632
27.000000,31.824873
41.000000,34.581148
36.000000,45.995373
28.000000,42.506288
22.000000,37.888808
16.000000,36.306429
15.000000,29.180324
14.000000,28.495902
10.000000,26.249499
4.000000,20.974922
8.000000,17.667040
4.000000,21.704668
6.000000,19.225753
7.000000,19.611313
6.000000,20.743700
10.000000,20.989289
9.000000,24.273802
13.000000,22.449781
13.000000,23.370164
13.000000,23.447551
16.000000,23.143073
10.000000,23.846549
10.000000,21.339640
11.000000,21.926245
10.000000,21.420275
9.000000,20.601246
11.000000,21.483422
10.000000,21.201664
6.000000,20.513882
5.000000,19.113644
7.000000,18.453841
7.000000,19.255252
5.000000,20.544287
4.000000,19.312772
6.000000,18.926479
6.000000,19.847824
7.000000,19.448195
7.000000,19.709464
9.000000,19.572850
7.000000,20.468926
5.000000,19.137724
6.000000,19.616361
6.000000,19.633669
4.000000,19.326672
6.000000,17.346865
10.000000,17.089220
10.000000,18.640560
19.000000,19.388288
29.000000,24.530654
70.000000,28.381404
72.000000,45.225001
61.000000,49.182695
58.000000,44.340759
58.000000,43.799182
51.000000,47.908857
38.000000,42.965590
48.000000,34.574978
43.000000,41.096874
40.000000,38.721174
48.000000,37.610136
52.000000,43.113928
37.000000,45.456276
42.000000,36.381296
48.000000,39.875561
53.000000,43.409465
55.000000,46.225319
54.000000,49.009734
63.000000,47.983901
42.000000,54.108975
30.000000,40.760375
19.000000,32.795520
27.000000,24.735552
26.000000,29.033892
47.000000,28.263445
71.000000,43.029296
65.000000,61.691338
53.000000,57.133736
38.000000,50.256816
45.000000,37.833655
37.000000,41.933221
21.000000,34.796820
8.000000,22.884316
5.000000,14.792094
4.000000,13.699651
13.000000,13.465120
9.000000,19.203142
11.000000,17.505412
15.000000,17.419230
15.000000,19.847209
8.000000,18.753904
9.000000,12.642849
11.000000,12.980459
8.000000,14.735877
10.000000,12.879477
12.000000,14.293167
19.000000,15.678660
17.000000,20.281490
8.000000,18.925094
12.000000,12.736752
10.000000,14.994614
8.000000,13.306415
8.000000,11.918627
3.000000,11.749046
7.000000,8.499581
11.000000,10.629684
7.000000,13.520214
8.000000,11.304675
8.000000,11.789211
14.000000,11.903404
16.000000,15.681152
10.000000,16.902963
17.000000,12.924896
12.000000,17.467620
20.000000,15.032499
27.000000,20.105931
27.000000,24.074957
29.000000,23.853066
30.000000,25.327424
30.000000,26.056529
36.000000,26.145599
28.000000,30.283493
27.000000,25.508536
35.000000,24.619726
27.000000,30.818824
24.000000,26.004339
21.000000,23.785577
19.000000,21.640324
23.000000,20.450021
21.000000,22.633937
25.000000,21.228879
32.000000,24.456605
36.000000,29.578131
43.000000,34.466928
44.000000,40.279786
44.000000,39.939235
47.000000,39.662185
41.000000,41.765805
47.000000,37.147478
47.000000,41.466212
56.000000,42.573418
63.000000,50.147504
50.000000,60.096348
38.000000,48.400632
30.000000,36.558949
36.000000,30.368167
40.000000,34.694183
45.000000,37.943288
47.000000,41.359019
41.000000,43.793953
39.000000,39.814063
39.000000,39.146800
30.000000,38.732943
31.000000,30.022242
32.000000,30.242376
30.000000,31.125699
31.000000,30.364401
38.000000,31.385094
39.000000,37.606915
40.000000,37.807423
29.000000,39.202780
36.000000,30.207648
30.000000,34.125610
36.000000,28.901245
42.000000,32.912690
49.000000,37.936254
39.000000,43.431614
29.000000,36.347959
39.000000,28.674670
42.000000,36.711265
49.000000,38.744379
43.000000,44.371838
38.000000,38.077751
22.000000,33.954684
18.000000,22.452710
19.000000,19.501377
16.000000,20.453703
18.000000,18.046272
15.000000,20.174943
14.000000,18.323684
18.000000,17.902027
20.000000,20.468754
19.000000,22.006545
20.000000,20.728417
21.000000,21.244810
28.000000,21.759703
21.000000,26.567740
26.000000,22.449243
38.000000,25.739949
39.000000,34.380653
37.000000,35.565961
36.000000,34.280033
31.000000,32.938519
28.000000,28.628835
42.000000,26.693421
37.000000,37.657453
36.000000,33.837662
32.000000,33.647859
29.000000,30.917017
31.000000,29.032702
30.000000,30.996463
25.000000,30.364793
24.000000,25.852655
23.000000,25.408066
15.000000,25.573248
14.000000,19.715556
18.000000,19.069627
19.000000,21.888465
20.000000,22.430185
17.000000,23.459271
26.000000,21.409349
26.000000,27.936162
28.000000,27.805419
27.000000,29.773906
27.000000,28.602850
25.000000,28.601018
23.000000,26.795687
21.000000,25.043820
25.000000,23.773155
24.000000,26.370738
32.000000,25.986387
27.000000,32.845777
29.000000,28.693026
22.000000,29.975770
20.000000,24.404515
20.000000,22.606433
15.000000,22.450483
12.000000,19.194627
16.000000,17.262396
20.000000,20.541585
20.000000,23.966040
22.000000,23.601802
23.000000,25.126985
22.000000,25.429413
17.000000,24.538734
16.000000,20.616942
17.000000,19.807203
18.000000,20.297071
36.000000,21.232450
46.000000,35.796439
41.000000,44.491406
40.000000,40.130385
46.000000,38.344614
41.000000,43.802205
43.000000,38.769158
45.000000,40.441386
45.000000,41.409118
48.000000,41.904780
52.000000,46.747143
41.000000,51.601438
41.000000,40.429272
42.000000,40.353208
46.000000,42.216663
49.000000,45.257746
28.000000,48.437240
27.000000,28.818742
29.000000,28.161988
32.000000,30.609300
23.000000,33.567225
36.000000,25.680387
34.000000,36.070358
58.000000,34.768426
54.000000,58.278100
46.000000,54.337478
40.000000,43.769988
52.000000,38.492209
46.000000,50.064391
43.000000,44.532276
44.000000,40.299253
41.000000,42.147936
49.000000,39.611629
45.000000,48.488866
47.000000,44.233442
47.000000,44.496493
48.000000,44.526269
41.000000,46.504174
44.000000,40.474604
45.000000,42.338522
38.000000,44.103226
26.000000,37.608711
36.000000,28.092657
30.000000,35.833725
33.000000,31.106154
36.000000,33.575436
37.500000,37.074600
39.000000,38.174059
42.000000,39.335332
48.000000,41.602223
47.000000,46.783734
39.000000,43.878359
35.000000,37.684682
34.000000,34.108720
29.000000,34.038511
33.000000,30.228475
31.000000,33.489199
30.000000,31.832595
31.000000,30.866546
33.000000,31.792274
36.000000,32.302295
31.000000,34.618132
39.000000,29.871310
47.000000,37.135475
36.000000,44.963072
39.000000,35.824611
39.000000,38.483265
34.000000,38.349016
36.000000,34.196519
36.000000,35.545733
32.000000,35.066901
42.000000,31.634765
34.000000,40.728602
29.000000,35.070993
37.000000,30.613281
43.000000,37.448459
45.000000,42.606827
38.000000,43.778741
33.000000,36.936841
33.000000,32.966700
33.000000,32.588276
35.000000,33.755530
35.000000,36.413445
40.000000,36.172496
43.000000,41.343759
39.000000,45.095707
46.000000,40.794181
48.000000,45.934754
50.000000,48.238329
42.000000,50.778790
37.000000,42.821174
34.000000,38.226958
47.000000,36.158683
35.000000,49.015300
33.000000,37.918509
40.000000,36.000037
48.000000,42.257378
49.000000,50.574170
43.000000,51.015750
45.000000,43.950385
41.000000,45.566101
34.000000,42.580272
35.000000,36.106839
39.000000,36.916334
35.000000,40.219395
42.000000,37.545210
39.000000,45.371961
36.000000,41.955131
42.000000,38.383077
45.000000,44.325608
47.000000,47.557141
50.000000,48.392284
48.000000,51.170139
45.000000,49.284408
54.000000,45.736838
57.000000,56.174483
51.000000,58.800267
49.000000,53.445519
49.000000,51.861731
41.000000,52.297409
41.000000,42.836527
37.000000,43.570280
21.000000,39.711158
11.000000,25.004479
21.000000,17.764567
23.000000,25.096072
24.000000,26.870916
27.000000,27.878435
29.000000,30.589874
53.000000,32.081280
50.000000,56.602218
40.000000,52.903323
25.000000,40.534121
22.000000,26.892834
31.000000,24.769205
31.000000,32.649378
32.000000,32.300448
33.000000,33.309428
29.000000,34.379907
29.000000,31.872814
23.000000,31.706529
24.000000,26.072230
29.000000,25.436145
29.000000,29.099595
46.000000,30.442039
33.000000,45.491713
32.000000,33.676437
37.000000,33.315575
40.000000,38.098768
41.000000,40.918917
38.000000,41.731067
32.000000,37.478376
22.000000,32.224042
15.000000,25.245382
19.000000,20.430814
28.000000,22.747276
29.000000,30.697514
25.000000,31.224856
27.000000,28.036313
25.000000,29.800846
20.000000,27.875111
25.000000,23.972222
27.000000,27.461007
25.000000,28.850336
17.000000,27.024838
24.000000,21.665152
20.000000,26.887219
23.000000,23.602479
25.000000,26.338669
64.000000,27.400386
53.000000,65.226369
51.000000,53.177200
48.000000,48.837202
50.000000,47.176857
31.000000,49.533504
25.000000,32.315667
31.000000,27.029450
31.000000,32.155373
35.000000,31.963308
40.000000,36.704017
41.000000,41.948706
53.000000,42.676774
47.000000,55.313268
47.000000,47.870114
48.000000,47.407171
45.000000,47.491368
47.000000,44.593792
53.000000,45.602316
52.000000,53.366271
54.000000,54.487328
53.000000,56.565102
56.000000,57.158186
55.000000,61.426897
73.000000,58.408757
78.000000,79.547621
83.000000,84.569795
62.000000,87.363556
61.000000,60.355271
69.000000,61.867807
59.000000,71.597928
55.000000,61.093656
55.000000,56.630841
53.000000,58.896444
53.000000,55.785756
53.000000,53.625685
51.000000,51.126580
65.000000,49.438037
82.000000,64.762833
81.000000,82.143890
87.000000,81.109188
92.000000,89.674110
109.000000,100.706473
82.000000,113.809965
74.000000,82.730381
64.000000,70.183984
51.000000,62.234886
47.000000,50.973057
118.000000,47.261692
129.000000,118.289364
123.000000,128.736304
113.000000,120.758419
77.000000,106.626933
60.000000,72.919522
52.000000,56.439285
54.000000,49.359418
58.000000,52.031364
74.000000,54.981138
65.000000,71.033652
48.000000,62.626291
54.000000,49.053805
44.000000,54.983950
45.000000,44.485403
44.000000,44.677713
37.000000,43.792574
43.000000,37.136346
32.000000,41.970714
35.000000,33.921336
38.000000,36.485909
37.000000,38.187200
39.000000,38.099856
44.000000,39.175863
41.000000,43.181305
48.000000,40.214190
43.000000,46.174330
57.000000,41.714128
55.000000,52.810272
56.000000,50.801685
44.000000,51.573914
35.000000,40.743554
33.000000,33.205528
29.000000,31.857811
28.000000,30.580957
21.000000,30.278657
23.000000,24.609527
22.000000,26.837445
21.000000,25.982193
26.000000,24.902013
28.000000,28.935511
24.000000,29.524621
18.000000,26.491812
26.000000,22.675538
25.000000,28.330181
19.000000,26.359615
17.000000,23.438441
13.000000,21.884732
19.000000,18.407294
19.000000,22.314373
20.000000,22.493659
29.000000,23.128333
28.000000,29.858717
24.000000,29.864680
23.000000,26.727508
16.000000,24.141709
24.000000,19.218259
20.000000,23.776654
17.000000,22.340520
19.000000,21.084446
11.000000,22.899265
11.000000,17.568661
14.000000,17.574450
17.000000,19.662726
12.000000,21.127074
20.000000,18.228531
18.000000,23.713242
18.000000,22.650863
23.000000,22.410280
22.000000,25.867518
20.000000,24.892425
27.000000,23.763919
27.000000,28.685395
27.000000,29.413886
30.000000,28.937894
34.000000,31.291377
32.000000,33.948922
30.000000,32.131549
31.000000,31.180986
28.000000,31.493362
36.000000,28.811596
29.000000,34.750358
31.000000,29.666095
41.000000,30.874957
29.000000,37.755099
17.000000,30.449019
15.000000,21.917499
20.000000,20.512265
19.000000,23.830761
19.000000,23.068503
25.000000,23.690960
27.000000,27.337672
13.000000,28.396163
22.666667,19.609103
32.333333,25.467307
42.000000,32.044381
30.000000,40.405296
23.000000,30.975510
22.000000,25.395592
24.000000,24.768335
22.000000,26.084552
25.000000,24.655493
20.000000,26.611265
25.000000,23.213658
24.000000,26.785276
26.000000,26.477134
22.000000,27.128020
19.000000,23.979137
21.000000,21.625047
23.000000,23.378792
26.000000,24.561788
25.000000,26.565101
31.000000,26.054827
35.000000,31.182886
25.000000,34.822910
28.000000,26.282620
22.000000,28.255200
16.000000,23.450925
19.000000,19.469904
26.000000,21.343894
19.000000,26.570794
17.000000,21.619609
16.000000,20.380442
11.000000,19.634108
17.000000,15.777757
18.000000,20.031332
18.000000,20.276649
19.000000,19.909786
22.000000,20.408255
21.000000,23.212449
24.000000,22.255047
20.000000,24.159607
26.000000,21.339419
26.000000,25.111185
33.000000,25.696485
34.000000,30.937116
40.000000,31.435864
40.000000,35.670008
37.000000,36.721249
47.000000,34.105417
56.000000,42.283720
58.000000,50.078372
47.000000,51.718016
59.000000,41.991529
61.000000,54.310701
70.000000,57.434928
77.000000,66.027630
89.000000,75.173803
79.000000,88.695705
70.000000,78.990398
72.000000,69.307163
72.000000,71.065776
83.000000,69.272537
97.000000,84.469564
102.000000,102.233086
102.000000,105.533938
107.000000,105.124257
123.000000,105.893398
131.000000,125.076969
102.000000,133.620794
107.000000,106.545325
116.000000,110.289170
140.000000,115.302762
148.000000,130.291630
152.000000,136.495869
208.000000,142.083472
189.000000,193.302148
189.000000,171.901127
179.000000,170.099820
191.000000,162.010743
220.000000,174.034649
185.000000,211.083528
170.000000,175.793840
167.000000,162.070083
171.000000,157.694026
177.000000,163.051361
202.000000,173.666878
172.000000,203.624753
158.000000,170.872242
162.000000,151.601186
142.000000,159.298501
132.000000,140.676744
146.000000,132.357164
131.000000,147.567970
122.000000,130.235871
129.000000,123.804070
130.000000,132.538546
104.000000,133.034391
92.000000,103.121484
92.000000,92.170117
110.000000,94.145055
101.000000,113.833028
101.000000,106.466099
73.000000,106.156194
70.000000,77.358136
68.000000,73.438826
73.000000,70.210678
78.000000,74.835731
70.000000,78.260203
65.000000,72.843529
62.000000,69.172215
68.000000,66.142977
67.000000,71.596929
69.000000,70.759576
105.000000,73.608655
86.000000,107.562986
65.000000,89.230383
73.000000,67.873646
93.000000,75.108728
68.000000,95.448276
95.000000,70.477457
124.000000,100.434362
107.000000,127.984845
81.000000,108.621030
36.000000,86.802161
24.000000,41.782673
42.000000,31.335109
43.000000,44.721839
39.000000,45.793471
66.000000,41.266503
63.000000,59.192527
61.000000,59.685655
54.000000,58.623677
48.000000,53.217811
47.000000,43.575415
43.000000,40.353701
46.000000,40.087550
44.000000,43.870111
46.000000,42.374059
30.000000,43.817699
30.000000,32.862886
32.000000,31.512434
38.000000,34.044607
35.000000,36.078209
38.000000,33.131103
29.000000,37.104939
30.000000,33.226483
28.000000,32.578145
32.000000,33.045787
26.000000,34.618788
31.000000,30.283692
32.000000,33.308013
41.000000,34.504564
39.000000,39.749686
48.000000,40.330856
47.000000,45.912783
43.000000,44.554921
35.000000,44.335980
32.000000,40.540582
41.000000,37.851419
26.000000,45.350287
31.000000,33.248066
31.000000,35.825880
44.000000,36.829406
43.000000,47.170809
32.000000,44.996968
47.000000,39.072279
54.000000,50.888855
55.000000,54.776270
65.000000,52.053066
67.000000,56.135405
67.000000,57.672820
62.000000,59.257112
56.000000,55.260860
65.000000,52.445422
85.000000,58.129875
76.000000,69.715094
75.000000,63.976130
72.000000,65.734252
68.000000,66.464349
62.500000,64.197780
57.000000,58.745168
48.000000,54.925106
51.000000,47.696768
46.000000,48.502516
45.000000,44.157221
48.000000,43.239297
51.000000,46.432756
46.000000,49.726694
47.000000,46.344468
48.000000,47.273464
49.000000,46.794120
48.000000,47.619210
44.000000,46.215406
51.000000,43.665720
46.000000,48.746223
52.000000,46.496811
47.000000,50.934737
46.000000,46.688131
53.000000,46.300402
61.000000,53.342261
62.000000,61.699105
53.000000,60.323733
57.000000,52.150540
54.000000,55.938453
54.000000,53.195669
49.000000,51.599780
49.000000,46.838130
48.000000,47.825656
41.000000,47.145470
48.000000,42.311813
43.000000,47.731335
38.000000,43.903940
35.000000,40.219776
32.000000,37.108947
35.000000,34.732545
34.000000,36.719547
36.000000,36.319724
50.000000,37.935261
46.000000,50.826728
36.000000,47.221968
44.000000,37.207591
35.000000,43.348627
35.000000,35.849121
36.000000,35.175812
33.000000,36.321567
30.000000,33.874316
33.000000,31.497299
27.000000,34.343474
27.000000,28.953957
27.000000,27.659442
27.000000,27.875688
27.000000,28.010208
28.000000,27.823687
31.000000,29.266229
45.000000,31.707388
58.000000,43.949265
56.000000,57.661654
50.000000,53.447545
55.000000,46.798332
57.000000,51.877668
60.000000,54.239927
59.000000,55.743791
59.000000,56.215653
62.000000,56.875198
84.000000,62.195598
90.000000,85.905766
68.000000,89.221629
61.000000,66.016089
60.000000,59.905234
62.000000,59.987483
60.000000,61.228749
57.000000,60.482310
58.000000,58.417356
62.000000,61.102843
60.000000,63.111870
58.000000,60.351557
55.000000,59.449330
58.000000,56.567839
65.000000,60.253255
68.000000,66.274214
63.000000,70.652988
60.000000,65.679380
50.000000,61.714342
58.000000,50.439679
68.000000,56.650087
60.000000,66.064718
59.000000,59.241294
61.000000,58.377465
65.000000,60.268510
70.000000,64.834305
63.000000,70.637636
70.000000,62.964923
68.000000,66.101005
61.000000,63.793667
48.000000,60.204063
46.000000,48.307004
43.000000,46.562736
50.000000,43.905280
46.000000,50.300345
49.000000,47.076992
48.000000,50.372115
43.000000,49.685426
42.000000,45.553934
36.000000,43.987538
41.000000,38.577856
42.000000,42.611720
41.000000,43.277022
33.000000,42.547247
30.000000,35.466476
28.000000,32.851846
27.000000,31.364954
26.000000,30.575346
24.000000,28.976195
13.000000,26.917489
16.000000,18.372522
17.000000,20.397395
19.000000,21.179226
22.000000,22.302108
12.000000,24.665975
15.000000,17.247955
10.000000,18.975056
11.000000,15.373530
12.000000,16.308283
7.000000,16.562538
3.000000,13.149709
3.000000,10.433613
5.000000,10.377432
4.000000,12.183046
11.000000,11.948351
9.000000,16.571106
12.000000,14.690457
13.000000,17.008873
20.000000,17.351183
19.000000,21.867849
21.000000,21.018802
25.000000,22.573783
24.000000,25.847169
43.000000,25.632622
34.000000,39.264888
29.000000,31.893684
46.000000,28.772309
44.000000,41.995890
45.000000,40.232378
44.000000,40.487308
46.000000,39.834145
51.000000,42.768205
42.000000,45.504462
46.000000,39.969516
47.000000,43.093139
46.000000,44.972723
43.000000,44.934167
43.000000,42.361334
45.000000,41.713122
44.000000,43.478488
48.000000,43.536954
44.000000,44.819368
48.000000,42.133308
53.000000,46.463952
54.000000,52.973845
59.000000,54.362486
68.000000,58.406297
53.000000,66.237285
49.000000,51.716743
46.000000,48.919525
58.000000,44.863036
67.000000,56.002297
59.000000,65.295066
59.000000,59.822758
52.000000,57.577988
49.000000,50.813705
43.000000,47.561399
53.000000,42.481858
75.000000,51.672566
77.000000,71.368824
55.000000,76.125382
63.000000,53.574924
53.000000,61.621179
49.000000,51.743598
63.000000,48.406949
67.000000,60.835795
69.000000,64.095436
51.000000,67.787943
49.000000,50.241718
43.000000,49.681203
45.000000,43.302941
44.000000,44.721834
41.000000,43.915270
58.000000,40.793416
72.000000,55.961611
55.000000,69.803453
54.000000,54.067322
48.000000,51.964552
49.000000,45.991273
51.000000,46.203685
44.000000,48.474443
43.000000,41.309248
44.000000,40.575174
19.000000,41.913062
31.000000,22.586771
36.000000,31.522298
36.000000,34.266459
30.000000,34.726345
32.000000,29.754636
27.000000,31.504955
26.000000,27.415764
30.000000,26.842622
38.000000,30.066619
37.000000,34.859481
38.000000,34.845512
40.000000,35.301791
50.000000,38.023052
59.000000,45.977694
60.000000,53.896637
51.000000,55.073127
59.000000,47.207528
59.000000,52.210370
58.000000,51.704389
58.000000,53.099633
56.000000,53.778662
54.000000,53.350109
57.000000,51.299586
54.000000,54.453076
47.000000,53.002368
47.000000,46.982333
45.000000,46.384362
46.000000,45.108197
49.000000,46.667497
57.000000,48.515102
53.000000,56.483150
62.000000,54.366787
79.000000,63.114228
72.000000,84.694735
70.000000,77.843608
63.000000,70.518758
58.000000,62.285700
64.000000,58.981287
78.000000,64.331903
66.000000,78.505757
51.000000,66.985353
52.000000,51.608257
54.000000,52.612533
59.000000,55.811043
67.000000,58.424304
74.000000,63.631119
69.000000,73.274468
65.000000,67.516790
61.000000,63.880908
72.000000,61.528782
68.000000,70.833143
40.000000,66.750381
35.000000,41.588754
44.000000,37.216807
47.000000,45.286474
55.000000,48.410991
50.000000,56.047022
40.000000,51.291588
34.000000,42.600316
33.000000,37.849650
32.000000,36.616746
18.000000,34.318311
23.000000,23.647436
31.000000,27.594179
27.000000,34.520220
26.000000,31.407478
18.000000,30.158068
18.000000,22.824787
19.000000,22.768106
21.000000,22.855649
19.000000,24.010845
25.000000,22.309584
19.000000,27.047020
23.000000,22.918737
30.000000,25.761411
23.000000,31.081477
31.000000,25.106440
36.000000,31.281357
30.000000,35.338908
36.000000,30.871540
42.000000,35.326217
38.000000,39.817635
39.000000,36.784962
48.000000,37.928393
51.000000,45.716469
67.000000,47.490469
78.000000,61.255089
62.000000,70.103454
18.000000,58.524191
6.000000,21.788199
9.000000,13.473635
7.000000,15.558805
13.000000,14.227381
14.000000,18.674267
9.000000,19.726591
10.000000,17.278887
12.000000,18.308370
14.000000,18.880604
13.000000,19.076509
11.000000,17.991624
13.000000,16.522103
11.000000,18.017827
16.000000,17.234196
11.000000,20.777635
10.000000,17.197865
13.000000,16.864787
17.000000,18.972441
25.000000,20.959315
28.000000,25.801552
31.000000,27.876351
37.000000,29.830406
43.000000,34.420964
45.000000,39.274232
40.000000,40.064323
34.000000,36.786892
32.000000,32.704117
22.000000,31.767313
32.000000,24.844304
30.000000,31.907509
26.000000,30.933330
26.000000,28.629586
20.000000,28.749830
23.000000,24.093803
27.000000,26.301264
30.000000,28.705168
46.000000,30.971839
50.000000,43.747607
57.000000,48.424873
48.000000,54.559743
44.000000,46.231296
48.000000,43.455483
68.000000,45.971408
83.000000,63.914466
114.000000,82.662389
113.000000,115.773889
81.000000,111.806243
70.000000,79.183301
74.000000,68.160238
73.000000,73.871537
62.000000,71.121467
66.000000,54.934265
71.000000,58.465117
74.000000,68.007582
67.000000,65.328931
75.000000,61.040682
72.000000,72.386208
107.000000,69.877962
90.000000,107.203976
82.333333,88.527822
74.666667,77.876673
67.000000,68.517548
62.000000,62.570495
51.000000,55.708243
44.000000,47.274535
42.000000,42.872286
41.000000,41.271125
44.000000,41.746317
66.000000,43.666827
70.000000,62.626502
84.000000,65.397624
95.000000,77.251074
80.000000,85.319731
66.000000,70.874055
62.000000,60.006262
60.000000,56.954072
73.000000,54.542166
67.000000,66.606030
71.000000,62.573176
75.000000,67.149058
70.000000,71.611949
62.000000,66.201484
79.000000,59.095862
69.000000,73.144286
53.000000,64.198082
43.000000,49.943194
39.000000,42.319220
45.000000,39.449362
52.000000,45.662093
43.000000,52.704625
51.000000,44.901396
39.000000,49.745054
27.000000,38.949576
32.000000,28.460972
26.000000,32.261492
32.000000,27.688236
32.000000,31.567753
40.000000,31.303124
41.000000,37.548609
38.000000,36.708083
34.000000,34.424538
37.000000,33.027411
34.000000,35.279526
37.000000,33.322899
42.000000,35.263553
33.000000,39.826802
35.000000,32.399873
46.000000,34.171112
44.000000,42.265628
41.000000,40.341871
35.000000,37.802402
36.000000,33.455342
42.000000,32.364287
32.000000,37.867307
40.000000,31.624319
35.000000,37.867442
42.000000,35.144204
48.000000,41.632394
42.000000,46.352453
40.000000,41.748764
41.000000,40.031568
46.000000,39.523824
40.000000,44.286990
36.000000,38.521623
31.000000,36.035284
34.000000,32.017973
28.000000,34.635245
32.000000,31.029408
37.000000,34.253257
39.000000,37.921487
37.000000,38.467919
36.000000,36.872953
32.000000,35.904424
43.000000,33.044532
27.000000,40.755492
38.000000,29.782889
31.000000,37.613989
33.000000,31.720741
36.000000,33.808474
35.000000,36.546275
23.000000,35.967223
32.000000,27.250728
33.000000,33.434757
37.000000,34.292142
34.000000,36.927559
33.000000,34.746818
33.000000,33.664772
31.000000,34.376664
30.000000,32.472302
30.000000,32.140152
31.000000,31.957294
33.000000,33.005801
35.000000,34.757200
36.000000,36.421973
31.000000,37.673381
38.000000,33.004269
37.000000,38.854847
39.000000,38.571466
33.000000,39.930928
41.000000,34.072331
49.000000,41.556680
47.000000,47.535509
44.000000,45.632646
43.000000,44.059743
47.000000,43.226184
55.000000,47.792118
49.000000,56.325959
37.000000,48.862551
42.000000,38.083732
43.000000,42.961302
40.000000,44.022133
37.000000,41.612391
33.000000,39.172807
34.000000,34.471266
34.000000,35.835370
34.000000,36.862218
34.000000,36.673819
31.000000,36.233031
30.000000,33.959748
26.000000,33.412572
15.000000,29.779281
14.000000,20.986343
13.000000,19.785156
12.000000,18.759102
10.000000,18.191917
17.000000,16.765831
10.000000,21.779091
15.000000,16.459322
18.000000,19.885414
16.000000,22.441183
15.000000,20.216853
13.000000,19.333767
18.000000,17.745033
12.000000,21.113504
13.000000,17.065020
11.000000,18.075893
16.000000,16.055163
15.000000,19.659610
10.000000,19.177484
15.000000,15.543935
17.000000,18.804235
18.000000,20.094471
18.000000,21.013011
16.000000,20.944733
21.000000,19.334545
18.000000,22.774759
17.000000,21.034582
19.000000,20.325536
26.000000,21.516132
26.000000,26.850832
46.000000,27.021565
39.000000,44.245392
34.000000,37.465943
52.000000,32.889973
47.000000,49.269529
38.000000,45.285875
20.000000,36.424079
22.000000,22.292557
26.000000,24.137675
17.000000,27.485510
16.000000,21.545471
17.000000,20.582547
15.000000,20.743306
11.000000,20.259182
15.000000,17.545802
18.000000,19.871715
15.000000,21.150361
13.000000,19.178836
18.000000,18.154631
19.000000,21.532432
10.000000,21.952678
23.000000,15.566797
20.000000,24.866976
28.000000,22.777442
50.000000,29.007084
26.000000,45.865072
33.000000,26.378982
33.000000,31.768474
22.000000,31.654289
18.000000,23.646428
16.000000,20.314990
14.000000,19.563538
13.000000,18.312188
12.000000,17.964943
17.000000,17.691998
17.000000,20.132642
18.000000,20.572221
20.000000,21.363499
31.000000,22.314878
33.000000,29.514885
29.000000,31.509279
29.000000,28.428617
33.000000,28.637835
32.000000,31.489238
31.000000,30.600512
32.000000,30.078010
37.000000,31.407609
46.000000,34.582969
37.000000,42.655569
53.000000,35.084958
62.000000,48.316873
56.000000,56.396427
58.000000,48.195573
57.000000,51.699256
51.000000,50.514174
51.000000,45.706275
51.000000,45.725240
60.000000,47.635872
52.000000,55.554693
48.000000,48.791594
41.000000,45.465963
28.000000,37.920457
35.000000,28.166948
41.000000,33.422096
30.000000,38.935169
34.000000,29.677574
48.000000,32.753833
41.000000,44.364739
56.000000,39.001461
69.000000,52.813335
70.000000,63.899962
74.000000,64.730981
67.000000,70.314737
59.000000,65.001981
58.000000,54.445147
50.000000,52.506605
52.000000,47.236914
51.000000,47.507168
54.000000,46.744012
49.000000,48.820871
58.000000,45.258138
54.000000,53.872700
51.000000,52.271719
40.000000,48.475046
37.000000,38.667880
34.000000,37.168144
32.000000,34.115339
25.000000,32.673206
31.000000,27.330926
32.000000,31.749395
26.000000,33.055918
13.000000,28.442010
9.000000,18.252513
15.000000,14.641268
13.000000,19.054527
13.000000,17.527917
12.000000,17.566336
14.000000,16.688333
16.000000,17.967750
18.000000,19.659493
13.000000,20.729487
10.000000,16.577447
4.000000,14.114881
13.000000,10.323554
10.000000,16.011762
9.000000,13.865600
10.000000,13.359660
10.000000,13.756576
15.000000,13.840757
18.000000,17.639146
18.000000,19.181967
12.000000,19.081114
7.000000,15.269018
5.000000,12.384188
10.000000,11.332063
8.000000,14.980321
10.000000,13.556194
12.000000,14.873234
6.000000,16.340199
14.000000,12.373319
9.000000,18.022316
11.000000,14.209263
14.000000,15.646735
16.000000,17.290827
6.000000,18.465821
11.000000,12.056185
9.000000,15.229701
8.000000,14.318775
9.000000,13.705333
8.000000,15.033289
11.000000,14.296553
11.000000,16.137576
10.000000,16.344984
11.000000,15.765252
11.000000,15.902993
26.000000,16.102726
15.000000,25.986834
11.000000,18.178796
11.000000,16.191143
11.000000,16.243142
16.000000,16.432279
10.000000,19.759966
23.000000,16.125411
15.000000,23.557553
14.000000,19.023221
14.000000,19.054117
14.000000,18.287982
16.000000,18.157074
16.000000,19.391156
17.000000,19.447798
19.000000,20.374960
23.000000,21.401366
15.000000,24.314887
22.000000,19.123529
16.000000,24.116995
14.000000,19.326601
18.000000,17.850829
18.000000,20.533471
19.000000,20.284269
25.000000,21.208303
19.000000,25.215250
25.000000,21.684661
23.000000,25.411065
23.000000,24.365536
24.000000,23.306567
22.000000,23.692905
20.000000,22.363663
14.000000,21.274568
19.000000,17.496274
19.000000,20.763340
17.000000,20.640865
13.000000,19.637327
19.000000,17.074545
20.000000,20.354521
18.000000,20.604161
22.000000,19.243718
21.000000,21.774870
26.000000,20.798697
24.000000,24.223293
19.000000,23.139794
23.000000,19.956293
17.000000,22.845705
23.000000,18.435585
17.000000,22.164073
19.000000,18.076875
26.000000,19.517917
23.000000,23.877514
24.000000,22.263070
24.000000,22.978925
22.000000,22.721046
23.000000,21.639497
20.000000,21.992929
30.000000,20.464367
27.000000,26.263764
28.000000,24.681122
33.000000,25.515106
28.000000,29.396427
31.000000,25.599478
23.000000,27.568881
22.000000,22.793647
26.000000,21.557720
26.000000,24.428176
23.000000,24.372160
20.000000,22.325125
23.000000,20.671406
16.000000,23.039075
20.000000,18.005769
24.000000,20.899708
19.000000,23.496105
23.000000,19.719557
21.000000,22.664619
33.000000,21.325246
38.000000,29.620932
30.000000,33.297578
24.000000,27.903579
23.000000,23.329918
21.000000,22.609644
20.000000,21.726497
19.000000,20.435916
16.000000,19.911320
12.000000,17.966055
15.000000,15.870427
9.000000,18.079221
8.000000,13.993667
11.000000,13.325828
11.000000,15.010434
8.000000,15.496133
7.000000,13.073383
11.000000,12.424717
14.000000,14.782079
14.000000,16.742964
15.000000,17.064346
14.000000,17.410654
11.000000,16.924189
19.000000,14.822838
17.000000,20.014367
18.000000,18.534639
15.000000,19.035558
17.000000,17.422771
14.000000,18.755508
12.000000,16.727122
14.000000,15.777775
20.000000,16.906598
17.000000,20.645445
16.000000,18.974147
14.000000,18.035395
15.000000,16.919910
12.000000,17.392633
8.000000,15.584638
11.000000,12.874580
8.000000,15.049868
5.000000,13.103006
7.000000,11.410192
12.000000,12.671271
13.000000,15.695745
9.000000,16.428830
10.000000,13.861164
10.000000,14.572450
15.000000,14.422785
16.000000,17.814690
16.000000,18.212764
16.000000,18.062848
15.000000,17.913631
19.000000,17.449322
20.000000,20.134831
27.000000,20.563253
24.000000,25.084233
29.000000,23.111388
34.000000,26.993116
29.000000,30.020799
22.000000,26.544310
26.000000,21.991572
24.000000,24.392798
27.000000,23.501226
25.000000,25.643666
13.000000,24.836581
20.000000,16.941689
25.000000,21.868861
24.000000,25.062762
41.000000,24.298122
54.000000,36.355232
64.000000,46.680067
60.000000,55.888555
50.000000,53.065872
61.000000,44.746715
57.000000,51.961004
56.000000,50.026284
55.000000,48.689395
49.000000,48.167648
64.000000,44.238605
61.333333,57.914701
58.666667,55.763485
56.000000,53.146949
35.000000,51.126618
25.000000,32.828312
28.000000,25.657657
27.000000,27.352205
20.000000,26.601220
16.000000,22.248689
20.000000,19.845555
9.000000,22.713694
10.000000,15.054769
9.000000,15.791380
11.000000,14.796004
17.000000,15.501198
26.000000,19.437574
23.000000,25.736233
28.000000,23.344777
20.000000,26.499334
20.000000,21.142404
16.000000,20.777920
10.000000,18.214351
13.000000,14.028416
9.000000,15.732296
17.000000,13.324392
9.000000,18.850341
8.000000,13.370412
12.000000,12.629324
13.000000,14.938263
12.000000,15.503626
11.000000,14.787437
12.000000,13.699930
9.000000,14.601859
10.000000,12.631572
10.000000,13.640547
13.000000,13.730131
8.000000,15.650637
10.000000,12.437550
11.000000,13.705779
17.000000,14.415317
14.000000,18.422354
12.000000,16.682355
13.000000,15.250360
20.000000,16.065930
17.000000,20.137231
13.000000,18.333926
15.000000,15.532803
12.000000,16.933397
21.000000,15.271184
18.000000,20.344108
15.000000,18.843084
14.000000,16.985173
12.000000,16.268443
19.000000,15.413091
18.000000,19.662364
19.000000,18.982835
19.000000,19.546667
23.000000,19.676344
20.000000,22.614892
15.000000,21.114140
19.000000,18.065014
21.000000,20.707813
24.000000,22.105638
20.000000,24.643726
19.000000,21.759189
20.000000,21.367117
18.000000,21.871901
23.000000,20.394213
25.000000,23.686619
16.000000,24.804878
12.000000,19.174038
25.000000,16.570440
27.000000,25.734564
11.000000,27.028430
9.000000,16.312634
15.000000,14.924783
16.000000,18.342966
22.000000,19.099794
18.000000,23.250756
19.000000,20.463198
20.000000,21.034523
16.000000,22.797983
23.000000,19.942691
22.000000,23.634420
29.000000,22.721723
25.500000,27.550395
22.000000,25.002662
24.000000,22.979338
25.000000,24.314900
20.000000,24.565855
18.000000,21.697008
13.000000,20.182426
20.000000,16.696502
14.000000,20.854386
18.000000,17.034171
17.000000,19.460639
17.000000,18.825835
17.000000,19.194849
16.000000,18.747730
14.000000,18.171964
15.000000,16.658149
12.000000,17.018740
9.000000,15.299243
16.000000,13.318453
15.000000,17.828678
15.000000,16.982640
17.000000,17.507042
25.000000,18.691387
13.000000,24.031887
8.000000,15.709730
18.000000,12.781703
25.000000,18.794064
32.000000,23.114804
27.000000,28.518530
23.000000,24.716363
25.000000,22.078613
25.000000,23.270055
16.000000,24.099092
19.000000,17.515979
20.000000,19.075963
32.000000,19.946768
30.000000,28.908941
31.000000,27.985827
31.000000,28.089785
28.000000,27.915974
28.000000,26.292641
26.000000,26.966933
15.000000,23.966464
16.000000,17.228877
17.000000,18.041440
16.000000,19.809883
20.000000,19.078631
27.000000,21.420665
34.000000,26.121825
46.000000,31.328413
38.000000,41.984040
37.000000,33.805474
50.000000,31.802133
41.000000,42.075248
42.000000,36.495961
52.000000,37.429327
54.000000,45.943908
28.000000,48.196448
29.000000,27.174879
33.000000,29.407467
32.000000,31.346793
34.000000,29.494470
36.000000,31.668560
35.000000,33.284881
38.000000,33.149958
32.000000,36.074755
22.000000,31.224571
22.000000,23.072527
20.000000,24.025338
23.000000,22.043309
28.000000,23.346802
40.000000,27.619466
46.000000,37.549354
51.000000,43.782496
67.000000,49.115305
84.000000,62.888459
83.000000,76.747674
69.000000,76.898321
66.000000,60.702436
56.000000,56.780458
49.000000,48.868507
58.000000,45.580617
47.000000,55.396137
47.000000,44.479443
38.000000,44.401277
33.000000,36.957073
32.000000,32.926819
29.000000,31.244361
30.000000,28.529179
27.000000,29.662436
36.000000,27.608683
38.000000,35.856462
53.000000,36.785772
58.000000,50.404043
68.000000,54.579929
67.000000,64.215452
62.000000,62.201838
45.000000,55.927588
45.000000,42.203105
46.000000,41.766104
47.000000,44.195230
49.000000,44.837509
49.000000,46.396232
57.000000,44.240184
50.000000,51.210595
55.000000,45.219355
46.000000,48.801852
41.000000,42.099197
34.000000,39.069213
40.000000,33.711618
33.000000,39.017099
39.000000,32.642950
43.000000,37.494099
41.000000,41.565379
35.000000,38.934729
24.000000,33.975642
32.000000,25.855934
30.000000,33.465974
19.000000,31.149855
18.000000,22.909108
31.000000,21.950846
35.000000,32.449107
44.000000,36.123763
45.000000,42.816512
42.000000,42.914207
35.000000,40.299812
31.000000,35.393955
31.000000,31.406893
35.000000,31.064318
36.000000,33.367661
30.000000,33.619271
29.000000,29.186880
34.000000,29.279447
33.000000,32.849056
34.000000,33.268097
38.000000,34.630678
41.000000,37.815964
34.000000,40.275916
29.000000,34.392660
24.000000,29.963976
23.000000,26.491478
20.000000,25.835135
15.000000,23.767232
27.000000,20.362293
23.000000,29.954304
40.000000,26.847417
42.000000,41.904669
39.000000,42.199449
35.000000,37.199036
31.000000,33.195168
41.000000,30.294180
35.000000,38.521532
38.000000,34.347908
50.000000,39.081842
49.000000,50.850566
40.000000,52.541788
52.000000,41.613335
53.000000,50.761734
53.000000,50.144419
61.000000,50.734463
60.000000,59.372548
54.000000,59.555126
48.000000,56.288233
51.000000,49.642434
54.000000,53.447584
50.000000,54.331432
61.000000,49.399074
58.000000,58.257212
54.000000,57.488105
57.000000,54.444042
54.000000,58.990651
65.000000,57.037120
69.000000,69.636882
83.000000,72.401004
80.000000,88.436546
77.000000,88.703095
61.000000,82.530723
76.000000,65.541477
54.000000,81.492479
47.000000,57.104637
65.000000,50.111432
68.000000,68.211482
60.000000,70.502623
56.000000,61.168387
48.000000,56.871443
47.000000,48.855144
41.000000,47.835020
41.000000,42.203865
45.000000,41.377540
39.000000,46.177132
36.000000,40.232892
44.000000,37.852901
41.000000,44.270609
45.000000,42.328364
39.333333,45.293284
33.666667,40.402950
28.000000,35.539375
38.000000,30.084925
39.000000,38.957796
41.000000,39.276168
36.000000,39.969437
42.000000,35.301465
38.000000,41.233324
37.000000,38.136531
29.000000,37.735975
26.000000,30.286811
22.000000,27.507749
22.000000,25.220281
21.000000,24.312842
16.000000,23.590812
18.000000,19.808267
20.000000,21.455109
17.000000,22.841812
14.000000,20.752163
21.000000,17.989220
19.000000,23.027827
23.000000,22.027650
16.000000,24.996876
15.000000,20.022003
15.000000,18.986946
18.000000,19.248877
21.000000,20.991230
10.000000,22.982036
19.000000,15.420663
11.000000,21.517919
15.000000,16.121172
8.000000,19.011731
12.000000,14.347380
19.000000,16.370585
17.000000,21.163167
11.000000,19.863405
16.000000,16.169756
13.000000,18.854884
14.000000,17.678619
7.000000,18.304263
4.000000,13.687430
6.000000,11.781198
6.000000,13.349900
7.000000,13.560347
5.000000,14.410730
16.000000,12.764714
21.000000,20.217351
12.000000,23.726937
16.000000,17.369749
15.000000,20.142402
24.000000,19.310710
14.000000,24.984004
18.000000,18.943666
31.000000,21.561358
29.000000,30.322971
31.000000,29.236628
35.000000,31.452616
34.000000,33.670902
33.000000,32.661965
40.000000,31.242305
38.000000,36.995751
39.000000,35.035608
34.000000,36.432129
34.000000,33.424768
28.000000,33.464629
26.000000,29.741136
28.000000,27.807519
28.000000,29.537336
28.000000,28.880185
27.000000,29.428448
21.000000,28.421592
26.000000,24.416574
22.000000,28.296560
27.000000,24.681256
19.000000,28.571111
25.000000,22.451868
30.000000,26.780442
30.000000,29.755417
25.000000,30.378924
22.000000,26.863816
19.000000,24.496509
25.000000,22.117238
25.000000,25.971117
27.000000,26.093854
25.000000,27.015590
30.000000,25.858596
26.000000,29.279022
29.000000,26.382885
31.000000,28.410443
30.000000,29.674283
27.000000,28.839948
33.000000,26.545008
39.000000,31.753527
39.000000,35.423549
37.000000,35.976063
37.000000,34.223589
24.000000,34.216487
25.000000,24.583817
28.000000,25.442043
45.000000,27.640374
23.000000,40.503281
36.000000,24.302075
28.000000,34.042836
25.000000,27.930789
19.000000,25.102015
22.000000,20.804354
25.000000,22.734133
25.000000,25.090825
27.000000,24.884916
30.000000,26.944858
25.000000,29.107522
40.000000,25.274352
43.000000,36.954857
39.000000,37.899605
34.000000,34.970831
43.000000,30.815137
43.000000,38.170404
36.000000,38.450307
21.000000,33.926713
7.000000,22.550923
10.000000,12.709501
12.000000,15.027719
22.000000,16.104870
25.000000,23.171671
26.000000,25.076565
20.000000,26.299419
6.000000,21.908608
8.000000,12.745585
10.000000,13.665793
12.000000,14.252672
15.000000,15.763115
11.000000,17.795417
14.000000,15.809973
10.000000,17.707947
13.000000,15.238042
9.000000,17.268525
12.000000,13.902784
9.000000,16.118465
14.000000,13.579490
12.000000,17.267022
19.000000,16.076696
21.000000,21.372220
20.000000,22.440009
13.000000,21.412749
22.000000,16.905323
21.000000,22.757613
12.000000,21.942576
12.000000,15.800485
26.000000,15.991766
7.000000,25.875490
6.000000,13.076856
16.000000,12.581005
18.000000,18.865812
19.000000,19.955942
18.000000,20.780652
27.000000,20.508508
25.000000,25.594533
30.000000,25.057554
19.000000,29.935291
24.000000,21.011358
31.000000,24.172283
39.000000,29.810692
49.000000,35.867156
46.000000,44.795270
47.000000,41.854174
48.000000,41.694754
52.000000,43.388714
45.000000,50.818330
29.000000,40.158516
38.000000,27.910673
45.000000,36.367115
36.000000,43.177297
40.000000,34.994780
41.000000,38.007630
38.000000,39.165519
45.000000,37.154118
41.000000,44.164272
46.000000,39.317852
44.000000,43.006860
44.000000,42.947871
40.000000,43.562490
28.000000,39.217016
24.000000,28.896452
17.000000,25.742089
12.000000,21.009008
19.000000,17.761533
17.000000,22.499303
23.000000,20.844034
22.000000,25.626775
31.000000,24.727885
28.000000,31.108708
28.000000,27.777117
34.000000,27.120650
56.000000,31.525502
51.000000,50.058678
50.000000,45.175867
52.000000,45.237672
50.000000,48.746982
51.000000,46.169318
66.000000,46.826879
65.000000,58.803162
75.000000,55.875986
75.000000,66.029201
62.000000,67.790660
65.000000,56.317082
69.000000,59.389006
68.000000,65.434263
65.000000,63.604380
69.000000,60.284292
68.000000,64.143936
65.000000,61.536480
66.000000,59.879538
68.000000,62.633434
67.000000,64.264715
65.000000,63.632475
86.000000,62.900408
31.000000,84.702290
15.000000,30.753473
20.000000,19.324295
20.000000,22.749684
23.000000,22.815732
20.000000,25.271881
23.000000,22.715535
33.000000,25.419107
47.000000,33.256066
52.000000,44.607388
49.000000,48.540283
50.000000,43.067871
55.000000,43.640494
55.000000,47.073138
64.000000,47.818492
20.000000,55.121339
11.000000,21.161850
13.000000,15.892705
27.000000,17.963566
36.000000,28.261736
32.000000,34.373984
24.000000,31.679644
20.000000,25.969374
26.000000,24.149552
25.000000,27.843897
30.000000,25.406252
41.000000,29.549776
44.000000,38.934575
53.000000,43.560483
38.000000,51.740014
42.000000,38.447405
47.000000,41.153342
65.000000,44.679501
72.000000,61.788231
75.000000,65.908322
67.000000,69.543276
60.000000,62.534034
58.000000,59.032506
64.000000,56.191005
68.000000,61.195617
67.000000,62.553404
69.000000,60.986667
76.000000,64.913717
74.000000,74.444728
74.000000,73.061733
81.000000,71.359571
80.000000,87.445448
92.000000,78.621201
72.000000,91.538493
54.000000,67.225452
47.000000,49.761149
52.000000,44.613056
57.000000,49.113524
55.000000,53.812712
40.000000,50.355961
41.000000,41.859817
42.000000,42.183031
58.000000,43.028303
54.000000,56.224871
56.000000,52.471655
49.000000,54.507234
47.000000,46.359044
51.000000,44.494579
51.000000,47.007040
53.000000,48.975529
53.000000,50.874383
53.000000,50.197140
52.000000,50.852418
58.000000,49.942563
57.000000,54.567392
57.000000,55.174123
56.000000,56.126673
51.000000,55.770094
53.000000,50.457761
56.000000,52.233649
55.000000,54.210066
51.000000,54.602902
54.000000,51.529144
48.000000,55.029395
49.000000,49.584620
45.000000,50.421545
46.000000,46.910217
49.000000,45.873322
46.000000,47.385938
48.000000,45.883492
47.000000,47.575549
44.000000,46.441057
52.000000,43.138926
36.000000,49.047562
25.000000,35.821570
26.000000,28.063884
27.000000,28.806281
24.000000,29.510070
25.000000,26.917260
16.000000,27.449722
21.000000,20.464977
23.000000,24.247174
21.000000,24.877889
27.000000,23.103087
27.500000,27.355091
28.000000,27.961401
26.000000,28.779994
23.000000,26.307638
10.000000,25.112441
12.000000,16.007036
25.000000,18.129458
27.000000,26.558118
24.000000,27.362765
30.000000,25.686179
25.000000,30.912816
26.000000,27.614172
23.000000,27.688918
27.000000,25.080038
28.000000,27.211225
24.000000,28.688679
21.000000,26.684743
27.000000,24.725509
26.000000,29.208343
23.000000,28.553786
25.000000,26.152847
26.000000,27.424040
23.000000,28.246683
31.000000,25.746199
22.000000,31.870432
24.000000,25.409651
34.000000,26.829841
44.000000,34.615759
27.000000,43.357149
19.000000,29.116852
25.000000,23.276256
35.000000,27.720309
28.000000,35.137858
26.000000,30.005095
29.000000,28.209886
33.000000,30.276079
26.000000,34.106999
28.000000,28.656972
26.000000,29.264031
26.000000,27.198712
35.000000,28.144777
27.000000,35.536600
15.000000,29.286459
27.000000,20.110424
22.000000,29.275871
40.000000,26.174986
41.000000,41.425543
37.000000,41.676356
33.000000,37.159612
43.000000,33.959990
36.000000,42.788659
27.000000,36.113113
27.000000,28.656860
29.000000,29.530471
31.000000,30.691095
30.000000,33.065278
28.000000,32.574686
32.000000,30.568288
27.000000,33.540532
29.000000,29.733473
30.000000,31.071125
25.000000,30.793821
21.000000,27.263399
24.000000,24.084455
31.000000,27.007518
33.000000,32.862720
29.000000,34.044340
25.000000,30.863321
26.000000,26.715471
39.000000,27.919805
43.000000,38.953507
37.000000,41.708922
26.000000,36.263881
28.000000,27.671823
30.000000,29.279345
26.000000,30.572254
28.000000,27.475293
39.000000,27.912279
33.000000,37.227434
33.000000,33.387520
37.000000,33.442736
33.000000,36.736903
34.000000,32.682250
36.000000,33.788119
34.000000,35.414292
35.000000,33.201067
36.000000,32.951936
29.000000,34.995703
34.000000,29.497991
28.000000,34.300912
31.000000,29.829824
24.000000,32.212882
24.000000,26.089947
28.000000,26.009835
25.000000,28.892266
25.000000,26.519950
23.000000,27.052510
26.000000,24.674478
26.000000,27.298723
21.000000,27.692304
20.000000,24.263839
29.000000,22.584047
25.000000,29.398500
13.000000,26.680023
19.000000,17.910518
18.000000,22.194333
25.000000,20.465428
20.000000,26.164147
22.000000,22.643686
21.000000,24.528299
20.000000,23.125577
20.000000,22.510128
19.000000,22.623362
20.000000,21.604774
6.000000,22.346539
13.000000,12.085046
28.000000,17.532686
13.000000,28.717294
13.000000,17.827274
6.000000,17.539022
8.000000,12.599295
9.000000,13.998683
25.000000,14.857390
19.000000,26.170463
16.000000,20.275108
18.000000,19.029581
17.000000,21.035009
16.000000,20.060618
10.000000,19.543000
4.000000,14.995057
7.000000,11.105854
5.000000,13.242233
7.000000,12.254245
13.000000,12.953945
9.000000,17.102588
12.000000,14.565029
12.000000,16.542379
17.000000,16.611945
14.000000,19.369214
12.000000,17.142865
15.000000,16.007238
17.000000,18.355039
24.000000,19.551269
20.000000,24.685935
17.000000,21.634011
22.000000,19.467863
20.000000,23.069050
16.000000,21.889752
18.000000,18.685087
24.000000,19.634406
15.000000,24.245868
13.000000,18.398025
17.000000,17.708800
12.000000,19.812663
9.000000,16.334071
18.000000,14.672324
15.000000,20.624213
12.000000,18.204073
11.000000,16.298994
12.000000,16.142850
16.000000,16.295643
17.000000,19.338584
12.000000,20.223639
15.000000,16.097211
12.000000,17.902328
5.000000,16.420575
10.000000,11.930378
14.000000,14.658813
13.000000,17.782942
13.000000,16.669551
11.000000,17.008385
14.000000,15.715550
11.000000,17.264154
16.000000,15.274383
14.000000,18.593405
18.000000,16.867937
8.000000,19.210628
6.000000,13.281476
9.000000,11.733224
8.000000,13.980606
8.000000,13.350781
9.000000,13.179406
11.000000,13.547767
13.000000,15.004713
15.000000,16.101868
22.000000,17.182021
22.000000,21.827107
17.000000,21.219163
26.000000,18.642024
23.000000,24.607446
23.000000,22.126688
28.000000,22.132441
25.000000,25.529930
24.000000,23.177655
23.000000,22.589685
20.000000,22.636100
23.000000,19.932671
27.000000,22.095549
23.000000,25.588096
21.000000,22.222418
16.000000,20.828533
17.000000,17.859120
11.000000,18.216194
13.000000,14.600747
18.000000,16.185788
14.000000,18.851997
21.000000,16.824686
24.000000,21.916229
26.000000,23.141616
35.000000,24.496892
31.000000,30.140869
34.000000,26.673325
31.000000,28.776139
26.000000,27.493294
32.000000,24.092085
44.000000,28.299067
13.000000,37.415607
17.000000,16.243257
28.000000,18.732916
16.000000,26.542950
17.000000,18.051235
27.000000,18.715168
35.000000,25.105072
29.000000,30.381391
28.000000,26.980117
33.000000,26.928734
32.000000,28.718331
33.000000,28.519694
27.000000,30.676508
25.000000,25.038180
24.000000,23.849068
22.000000,24.107277
22.000000,22.704448
22.000000,22.712269
27.000000,23.163289
27.000000,25.706434
31.000000,25.823266
22.000000,29.589098
20.000000,22.041158
18.000000,20.770572
22.000000,19.607887
22.000000,22.049185
20.000000,22.138857
15.000000,20.853566
13.000000,17.553350
15.000000,16.165853
27.000000,17.806058
24.000000,25.134935
17.000000,23.053373
15.000000,18.384369
13.000000,17.254379
12.000000,15.951314
17.000000,15.287166
11.000000,18.559921
11.000000,14.719155
7.000000,15.013458
6.000000,12.580839
2.000000,12.070796
4.000000,9.312015
4.000000,10.308346
9.000000,10.357768
6.000000,13.608066
9.000000,11.565874
5.000000,13.146690
6.000000,10.829582
11.000000,11.515116
8.000000,14.497641
14.000000,12.468600
13.000000,16.319920
17.000000,15.511272
21.000000,18.486154
21.000000,21.269073
22.000000,21.220677
24.000000,21.876112
21.000000,23.087498
19.000000,21.152078
18.000000,19.648581
18.000000,19.201624
15.000000,19.139409
14.000000,18.129905
15.000000,17.034500
16.000000,17.813295
19.000000,18.769713
14.000000,20.393683
23.000000,17.028310
20.000000,22.726410
18.000000,21.140541
24.000000,19.768078
22.000000,24.257172
19.000000,22.281796
26.000000,20.387193
25.000000,25.687378
23.000000,24.904516
25.000000,23.006603
26.000000,24.674807
20.000000,25.390787
24.000000,21.120886
27.000000,24.564804
31.000000,25.870291
26.000000,28.561490
26.000000,26.175201
31.000000,25.329744
27.000000,28.546246
28.000000,26.171072
36.000000,27.197926
36.000000,32.425820
40.000000,33.455234
36.000000,35.945417
40.000000,33.041195
42.000000,36.678867
40.000000,37.521865
43.000000,36.109831
41.000000,38.018030
49.000000,37.175117
40.000000,43.433595
44.000000,36.686869
42.000000,40.834952
49.000000,38.840767
54.000000,45.003132
32.000000,49.300916
15.000000,30.811561
14.000000,18.348113
12.000000,17.675691
7.000000,16.646899
10.000000,13.112138
14.000000,15.247643
7.000000,17.665031
10.000000,13.316317
9.000000,15.456602
14.000000,14.135610
10.000000,16.629154
20.000000,14.166889
15.000000,20.598079
12.000000,17.255026
15.000000,15.426406
24.000000,17.326880
28.000000,23.226440
21.000000,26.393434
20.000000,21.180909
29.000000,19.958896
20.000000,25.931063
19.000000,20.127283
19.000000,19.350828
25.000000,19.459054
19.000000,23.777797
20.000000,19.645602
18.000000,20.526285
12.000000,19.021600
9.000000,15.016779
8.000000,13.426630
7.000000,12.597239
8.000000,12.162121
14.000000,12.650852
15.000000,16.846311
1.000000,17.498526
7.000000,8.373500
18.000000,12.354094
7.000000,19.541566
10.000000,12.567135
11.000000,14.113400
14.000000,14.874960
17.000000,16.837826
20.000000,19.265310
17.000000,21.301433
16.000000,18.804466
24.000000,18.070832
18.000000,23.668134
21.000000,18.933039
21.000000,20.751244
19.000000,20.903437
19.000000,19.842611
17.000000,20.328317
21.000000,19.128153
18.000000,21.145342
21.000000,19.493346
27.000000,22.551696
21.000000,25.759344
28.000000,22.136711
23.000000,26.965255
30.000000,23.640062
32.000000,28.983701
32.000000,30.677255
21.000000,30.645198
21.000000,22.542249
20.000000,22.628361
15.000000,22.055613
15.000000,18.541570
19.000000,18.648234
15.000000,21.355791
13.000000,19.189326
18.000000,17.668921
18.000000,21.167322
17.000000,20.453568
14.000000,19.535309
23.000000,17.386541
20.000000,23.454240
23.000000,21.171503
24.000000,23.467050
24.000000,24.530408
27.000000,24.639343
23.000000,26.808167
25.000000,23.252339
22.000000,24.600992
16.000000,22.066868
22.000000,18.656776
27.000000,22.053825
17.000000,25.763702
25.000000,19.405843
31.000000,24.701529
20.000000,29.380148
16.000000,21.062575
28.000000,18.259716
34.000000,25.932112
27.000000,30.216448
27.000000,25.169397
28.000000,25.447829
27.000000,26.292581
29.000000,25.893262
26.000000,27.702650
21.000000,24.631466
23.000000,21.400248
20.000000,23.086889
27.000000,21.080548
29.000000,25.745843
27.000000,27.292622
31.000000,26.339981
27.000000,29.734380
30.000000,26.628017
30.000000,27.930425
35.000000,27.804875
37.000000,31.469730
39.000000,32.706938
12.000000,34.471612
11.000000,15.834806
6.000000,15.427739
6.000000,12.243324
15.000000,11.878062
9.000000,17.763768
14.000000,14.148882
17.000000,17.144272
14.000000,19.282159
9.000000,17.583217
9.000000,13.505112
7.000000,13.835384
8.000000,12.485167
9.000000,12.734659
7.000000,13.637414
15.000000,12.684419
14.000000,17.696996
16.000000,16.964163
21.000000,18.526368
14.000000,21.160969
12.000000,16.551470
14.000000,15.242123
10.000000,16.678422
12.000000,14.003313
8.000000,15.252980
14.000000,13.090719
14.000000,17.071825
18.000000,17.050592
12.000000,19.739031
12.000000,15.665612
15.000000,15.410143
13.000000,17.705677
16.000000,15.977767
12.000000,17.923706
12.000000,15.328481
12.000000,15.299280
12.000000,15.606062
13.000000,16.159212
10.000000,16.279380
13.000000,14.548709
13.000000,16.773129
18.000000,16.198025
13.000000,19.468724
20.000000,16.198915
23.000000,20.981271
20.000000,22.964097
21.000000,20.863979
28.000000,21.006172
20.000000,25.259320
21.000000,20.801711
27.000000,21.191758
37.000000,25.152258
31.000000,32.183566
19.000000,28.645066
30.000000,20.566845
28.000000,28.155687
34.000000,26.278644
33.000000,30.863060
29.000000,30.297175
29.000000,27.042633
20.000000,27.239479
15.000000,22.018185
15.000000,18.646489
18.000000,18.459698
19.000000,20.581755
27.000000,20.741403
25.000000,26.654750
30.000000,25.253024
29.000000,28.428357
23.000000,27.561942
27.000000,23.689704
27.000000,26.455000
26.000000,26.144340
26.000000,25.354896
32.000000,25.071424
25.000000,29.702043
26.000000,24.704469
21.000000,25.816369
25.000000,22.076411
25.000000,24.701468
23.000000,24.868581
21.000000,23.654278
20.000000,21.564307
23.000000,20.754072
19.000000,22.928504
21.000000,20.002962
20.000000,21.766414
18.000000,20.789417
21.000000,19.712795
16.000000,22.228889
25.000000,18.811223
27.000000,24.181295
34.000000,25.176798
30.000000,30.409759
34.000000,27.073098
34.000000,30.275837
28.000000,30.071566
23.000000,26.244013
19.000000,22.991182
23.000000,19.793521
24.000000,23.171125
27.000000,23.493569
18.000000,25.902719
16.000000,19.645029
10.000000,18.274745
11.000000,14.449245
22.000000,14.697312
16.000000,22.010092
16.000000,17.915948
8.000000,18.461691
15.000000,13.098260
14.000000,17.857161
8.000000,16.883916
14.000000,12.927914
17.000000,16.934867
19.000000,18.573127
18.000000,20.596618
17.000000,19.430119
17.000000,19.090910
19.000000,18.645323
14.000000,20.533657
15.000000,16.910449
15.000000,17.165888
10.000000,17.529827
13.000000,14.419318
19.000000,16.541434
10.000000,20.087519
8.000000,14.412731
12.000000,13.019148
7.000000,16.011272
6.500000,12.547985
6.000000,12.159770
6.000000,12.136976
7.000000,11.864395
7.000000,12.679431
5.000000,12.718008
5.000000,11.383038
7.000000,11.337587
7.000000,13.194745
15.000000,12.727372
14.000000,17.870508
10.000000,17.257865
10.000000,14.562233
13.000000,14.420801
15.000000,16.130050
20.000000,17.363099
22.000000,20.403018
12.000000,22.602963
10.000000,15.562270
11.000000,14.652276
7.000000,14.999109
10.000000,12.290078
6.000000,14.228523
17.000000,11.770704
11.000000,18.665911
13.000000,15.013295
11.000000,16.937334
8.000000,15.022279
6.000000,13.431308
4.000000,12.216209
4.000000,10.793175
5.000000,10.842655
9.000000,11.152732
6.000000,14.114860
12.000000,12.287507
18.000000,16.363038
12.000000,19.264265
10.000000,15.648716
10.000000,14.178062
8.000000,13.933347
4.000000,12.960805
14.000000,10.429928
15.000000,16.693513
20.000000,16.958605
32.000000,20.862303
50.000000,28.316811
54.000000,40.671968
38.000000,43.187003
37.000000,31.218200
20.000000,30.816933
18.000000,19.422412
21.000000,19.054128
27.000000,20.760008
24.000000,25.648878
28.000000,23.670278
26.000000,26.832959
27.000000,25.425897
26.000000,25.215247
35.000000,24.902059
53.000000,29.762643
64.000000,43.524183
55.000000,51.577389
57.000000,47.238660
48.000000,47.469010
52.000000,40.433088
64.000000,43.409809
65.000000,52.018831
84.000000,54.364711
103.000000,69.743931
90.000000,89.412864
82.000000,75.959820
73.000000,73.780928
72.000000,62.461181
68.000000,60.106855
63.000000,56.632331
64.000000,52.501568
65.000000,53.753257
64.000000,55.114269
66.000000,54.631058
63.000000,56.508645
62.000000,56.246312
81.000000,55.002526
64.000000,71.686502
56.000000,56.244675
51.000000,48.696269
48.000000,44.893435
38.000000,42.059547
34.000000,35.075721
27.000000,32.380337
29.000000,27.638607
38.000000,28.819003
43.000000,37.122974
46.000000,40.590712
45.000000,41.591201
46.000000,40.700387
50.000000,40.764946
45.000000,43.753270
40.000000,40.105815
37.000000,36.192668
24.000000,33.338659
35.000000,24.068173
34.000000,31.896496
35.000000,31.304725
32.000000,32.002077
25.000000,30.309656
20.000000,26.021571
20.000000,21.973539
25.000000,21.740344
24.500000,25.577710
24.000000,24.602344
18.000000,24.795132
19.000000,20.230055
16.000000,21.010953
38.000000,18.383498
32.000000,35.406600
40.000000,29.576600
49.000000,36.270904
34.000000,44.347248
42.000000,31.902330
42.000000,38.171122
32.000000,37.034763
33.000000,29.395259
37.000000,28.827661
36.000000,32.071669
33.000000,31.618904
35.000000,30.815784
40.000000,34.193520
34.000000,37.735445
24.000000,33.630670
34.000000,25.445122
35.000000,32.431797
35.000000,31.873063
29.000000,32.394750
28.000000,28.330239
24.000000,28.341490
21.000000,26.279040
29.000000,23.840649
43.000000,30.540958
49.000000,41.768669
55.000000,47.723659
59.000000,51.163039
51.000000,53.500747
52.000000,47.456192
53.000000,48.896601
45.000000,49.890519
38.000000,41.790918
41.000000,37.808158
39.000000,40.982201
45.000000,40.489524
42.000000,45.159527
48.000000,41.945965
51.000000,46.533556
56.000000,50.051321
52.000000,55.149976
47.000000,49.830021
44.000000,46.979791
57.000000,44.847651
48.000000,57.706446
39.000000,47.292903
37.000000,39.937290
50.000000,38.582884
38.000000,50.428618
28.000000,40.582095
30.000000,31.524299
45.000000,33.412287
41.000000,46.237287
38.000000,42.628870
42.000000,39.506189
37.000000,42.022827
42.000000,37.698605
39.000000,42.252125
38.000000,39.141327
35.000000,37.507002
40.000000,36.358277
48.000000,41.172796
54.000000,49.064803
55.000000,53.908761
43.000000,55.696597
39.000000,42.843166
34.000000,39.252079
34.000000,34.270613
31.000000,33.639821
30.000000,32.322152
32.000000,32.112239
33.000000,33.663163
41.000000,34.649727
31.000000,42.563689
48.000000,32.726005
44.000000,47.294783
38.000000,43.745445
39.000000,38.066592
35.000000,39.359691
34.000000,34.907732
27.000000,34.086740
37.000000,28.435100
34.000000,38.453726
39.000000,34.823131
41.000000,39.729275
26.000000,41.926555
35.000000,28.347440
40.000000,36.669090
39.000000,39.996914
32.000000,38.711035
29.000000,32.031732
33.000000,31.035779
31.000000,34.220389
22.000000,33.149033
20.000000,25.746717
19.000000,23.250271
21.000000,23.304994
22.000000,24.941498
27.000000,25.426414
33.000000,28.942780
27.000000,34.103931
28.000000,29.554289
23.000000,29.819735
18.000000,25.599481
20.000000,21.531075
11.000000,23.180805
9.000000,16.903931
10.000000,15.873576
4.000000,16.805648
6.000000,12.363356
11.000000,13.772531
16.000000,17.148488
16.000000,20.241735
17.000000,19.764364
17.000000,20.546224
14.000000,20.561071
17.000000,18.473042
19.000000,20.762967
21.000000,21.884228
24.000000,23.390580
23.000000,26.421267
22.000000,25.720405
21.000000,24.499118
32.000000,23.712882
40.000000,31.985474
33.000000,38.213748
16.000000,32.572033
19.000000,19.827077
25.000000,22.033146
20.000000,27.064349
19.000000,23.237659
17.000000,22.041082
23.000000,20.654763
23.000000,26.049211
23.000000,26.245003
28.000000,25.975292
31.000000,28.789053
25.000000,31.427050
27.000000,27.599956
8.000000,28.442816
5.000000,14.428950
6.000000,12.331510
7.000000,13.638824
4.000000,14.493707
6.000000,12.390643
6.000000,13.969966
7.000000,13.667149
7.000000,14.578659
7.000000,14.354532
4.000000,13.353689
10.000000,11.447942
5.000000,15.231032
8.000000,12.264984
5.000000,13.870733
1.000000,12.354220
8.000000,9.732575
3.000000,14.200034
5.000000,10.916854
6.000000,11.573711
3.000000,12.162320
7.000000,10.471937
8.000000,12.739334
4.000000,13.353877
5.000000,11.354705
8.000000,11.602861
9.000000,13.930180
5.000000,14.135147
13.000000,11.342041
10.000000,16.326846
10.000000,14.453552
4.000000,14.525685
14.000000,10.710102
11.000000,16.629907
11.000000,14.703292
13.000000,15.160652
16.000000,16.141530
11.000000,17.483021
11.000000,14.935912
14.000000,14.733291
10.000000,16.420909
10.000000,13.989493
7.000000,14.330709
17.000000,12.501136
6.000000,18.734483
7.000000,11.966558
5.000000,12.343875
9.000000,11.215978
13.000000,13.400008
7.000000,15.828437
7.000000,12.261198
8.000000,12.185769
8.000000,12.631483
14.000000,13.188824
8.000000,16.272159
12.000000,12.882443
12.000000,15.063336
19.000000,15.336414
23.000000,19.588189
24.000000,21.721369
22.000000,21.954312
24.000000,20.792882
24.000000,22.751197
25.000000,22.619570
26.000000,22.688454
25.000000,23.418809
22.000000,23.173498
23.000000,21.963847
15.000000,22.357216
19.000000,17.239420
22.000000,19.788648
23.000000,22.011345
22.000000,22.638932
17.000000,21.349140
14.000000,18.310025
17.000000,16.889742
17.000000,18.862096
25.000000,18.654380
17.000000,23.447254
30.000000,18.465031
22.000000,27.385683
27.000000,21.876200
30.000000,24.568259
23.000000,25.895523
23.000000,21.674912
20.000000,21.895562
16.000000,19.963393
16.000000,17.579875
16.000000,17.353706
15.000000,18.109635
22.000000,17.012017
21.000000,21.012174
14.000000,20.424835
14.000000,16.030278
18.000000,16.084546
16.000000,18.302506
17.000000,17.098726
17.000000,17.529723
13.000000,17.913564
17.000000,15.419391
15.000000,18.077519
23.000000,16.946805
27.000000,21.560140
26.000000,24.361994
30.000000,23.833764
25.000000,26.312218
31.000000,22.809334
27.000000,27.480057
27.000000,24.203038
27.000000,24.663218
20.000000,24.658297
17.000000,20.067780
17.000000,18.450243
13.000000,18.130785
15.000000,15.715527
20.000000,16.821141
29.000000,20.585195
19.000000,26.308563
19.000000,19.608322
18.000000,19.562464
24.000000,18.788772
21.000000,23.131038
13.000000,20.700661
13.000000,15.961747
12.000000,15.701875
25.000000,15.713756
21.000000,24.329971
32.000000,21.329498
31.000000,28.866401
28.000000,27.808578
33.000000,26.413986
29.000000,29.418943
30.000000,25.742671
33.000000,26.489115
27.000000,29.175492
28.000000,25.815915
29.000000,26.014769
25.000000,27.215608
27.000000,24.239513
29.000000,26.198505
30.000000,27.837188
32.000000,27.874043
26.000000,29.287824
26.000000,25.619867
28.000000,25.804857
17.000000,27.231443
22.000000,19.784243
18.000000,22.946680
18.000000,20.467226
24.000000,20.730356
13.000000,24.744333
28.000000,17.092966
17.000000,28.181508
21.000000,19.812107
21.000000,23.066811
42.000000,22.428081
76.000000,37.605973
82.000000,68.882844
79.000000,74.988525
58.000000,72.512838
41.000000,49.718466
34.000000,38.089663
38.000000,31.527499
28.000000,35.481016
23.000000,26.998015
27.000000,24.067340
23.000000,27.982414
22.000000,25.069732
24.000000,24.349377
16.000000,24.747107
20.000000,19.520779
17.000000,21.648781
18.000000,20.206526
31.000000,20.659322
29.000000,30.184649
31.000000,28.882966
32.000000,30.280702
29.000000,30.692660
26.000000,28.524705
28.000000,26.058212
25.000000,27.460639
29.000000,25.371150
20.000000,27.983750
19.000000,21.658683
23.000000,20.737111
21.000000,23.392315
27.000000,21.988607
29.000000,26.302632
42.000000,27.964469
34.000000,39.148074
36.000000,31.950423
35.000000,33.821597
37.000000,33.096043
41.000000,33.522343
37.000000,36.657094
35.000000,33.373325
37.000000,32.249545
35.000000,35.371499
38.000000,35.284113
41.000000,36.562866
46.000000,39.681154
45.000000,43.449701
38.000000,42.356238
36.000000,36.836073
28.000000,34.304606
32.000000,28.439430
28.000000,31.805583
30.000000,29.605475
38.000000,30.777473
39.000000,37.802662
44.000000,39.567916
46.000000,42.594696
52.000000,43.466052
43.000000,48.757911
38.000000,40.738671
31.000000,37.367806
39.000000,30.770658
30.000000,38.149600
31.000000,30.822619
29.000000,32.511785
31.000000,30.145049
37.000000,31.650389
34.000000,36.878245
32.000000,34.353551
42.000000,32.931491
40.000000,40.284443
42.000000,39.395215
41.000000,40.018873
44.000000,39.660140
47.000000,40.953311
43.000000,43.599057
43.000000,41.326972
34.000000,41.903792
45.000000,34.393425
44.000000,44.257796
40.000000,43.695614
40.000000,38.814155
37.000000,40.076338
49.000000,37.443970
42.000000,48.080771
39.000000,41.928734
35.000000,39.306030
32.000000,35.504000
30.000000,33.571953
34.000000,31.643736
35.000000,34.888253
44.000000,36.197081
49.000000,43.251361
57.000000,47.728816
46.000000,54.441740
48.000000,46.090613
38.000000,47.372948
35.000000,38.181458
35.000000,35.053797
33.000000,35.380114
28.000000,33.903479
24.000000,29.936525
22.000000,27.160109
37.000000,25.615465
33.000000,38.099567
27.000000,34.341053
33.000000,28.748962
32.000000,33.289390
36.000000,32.898400
27.000000,36.293634
35.000000,28.481338
38.000000,34.737169
26.000000,37.366422
43.000000,28.405322
25.000000,44.166968
24.000000,27.520016
19.000000,26.777349
28.000000,23.144683
25.000000,30.243018
21.000000,27.104181
8.000000,24.190463
6.000000,14.589906
8.000000,13.048055
8.000000,15.043297
8.000000,14.486788
12.000000,14.700428
8.000000,17.360201
5.000000,15.018539
13.000000,12.610834
11.000000,18.141717
13.000000,16.181114
28.000000,17.056493
23.000000,28.631736
39.000000,24.194252
37.000000,37.030421
27.000000,35.812888
23.000000,27.864270
24.000000,24.766933
27.000000,25.713426
14.000000,27.523282
18.000000,17.907785
23.000000,21.263006
19.000000,24.771375
16.000000,22.722702
19.000000,20.540332
18.000000,22.111160
13.000000,21.015174
13.000000,17.949921
10.000000,17.847501
13.000000,15.594099
11.000000,17.621823
11.000000,16.781697
11.000000,17.037843
13.000000,16.803950
13.000000,18.106521
13.000000,17.951231
15.666667,18.170424
18.333333,20.008908
21.000000,20.971417
20.000000,23.136406
16.000000,22.548714
20.000000,19.463675
18.000000,22.085009
19.000000,21.059418
30.000000,21.657255
26.000000,29.539126
28.000000,26.015734
21.000000,27.548917
29.000000,22.867540
23.000000,28.347224
27.000000,23.789626
27.000000,27.040154
22.000000,27.013096
28.000000,23.248515
31.000000,28.686610
20.000000,30.562610
27.000000,22.673422
21.000000,28.104135
25.000000,23.328547
18.000000,26.044406
24.000000,21.277028
18.000000,25.593769
19.000000,20.826220
18.000000,22.110893
27.000000,21.236089
20.000000,26.763316
30.000000,22.499177
34.000000,29.148549
36.000000,32.357550
35.000000,33.471136
37.000000,33.504614
42.000000,33.404273
32.000000,38.110220
32.000000,29.709419
37.000000,29.590077
33.000000,34.607854
34.000000,30.873711
32.000000,32.333394
33.000000,30.476879
37.000000,31.775443
39.000000,33.979329
34.000000,36.407776
46.000000,31.297544
35.000000,40.244599
32.000000,32.977230
36.000000,30.525383
37.000000,33.774419
28.000000,34.658037
39.000000,27.734260
36.000000,35.905521
50.000000,34.560182
40.000000,44.698214
46.000000,36.362592
65.000000,42.562222
61.000000,59.659675
54.000000,56.524899
55.000000,50.130375
50.000000,49.759871
47.000000,45.194507
58.000000,43.398161
48.000000,54.931954
50.000000,44.011166
49.000000,47.379713
51.000000,46.932658
58.000000,48.922563
38.000000,55.395849
41.000000,36.839340
27.000000,39.033083
29.000000,27.559009
32.000000,29.908248
23.000000,31.331340
26.000000,24.809901
26.000000,27.650814
30.000000,27.378122
82.000000,30.791387
103.000000,81.305660
101.000000,100.824767
98.000000,97.720307
67.000000,93.002274
52.000000,63.231266
49.000000,48.083983
49.000000,44.433333
53.000000,44.392867
39.000000,48.928749
36.000000,37.974733
29.000000,35.701195
31.000000,30.432784
27.000000,32.070510
42.000000,29.027032
32.000000,40.280640
27.000000,31.874580
23.000000,27.860835
22.000000,25.160650
20.000000,24.494388
21.000000,22.774348
16.000000,23.653797
15.000000,20.094453
23.000000,19.101862
17.000000,25.807101
22.000000,20.948938
29.000000,24.585668
35.000000,29.643268
27.000000,33.780039
19.000000,26.834242
18.000000,21.332744
24.000000,20.238242
21.000000,24.751741
18.000000,23.400407
13.000000,20.444530
14.000000,17.414396
17.000000,18.179401
17.000000,19.730916
20.000000,19.389882
12.000000,21.217949
16.000000,15.396847
8.000000,19.235360
13.000000,13.772509
16.000000,17.242964
12.000000,19.334260
19.000000,16.657743
20.000000,22.207912
18.000000,23.087232
15.000000,21.884958
26.000000,19.440368
19.000000,27.671750
27.000000,21.965955
35.000000,27.832489
40.000000,34.082984
39.000000,37.732787
31.000000,35.373274
37.000000,28.333145
32.000000,32.303031
32.000000,28.622308
31.000000,31.798793
35.000000,30.609283
36.000000,34.700442
38.000000,36.450763
36.000000,37.963417
40.000000,35.402160
43.000000,36.714019
48.000000,38.926575
46.000000,42.309157
47.000000,44.806254
44.000000,46.239435
54.000000,43.311118
49.000000,54.017775
48.000000,49.768452
35.000000,46.530059
28.000000,34.461080
50.000000,28.999473
43.000000,45.075006
40.000000,42.463838
50.000000,39.959655
44.000000,49.281590
42.000000,43.647102
45.000000,41.520848
54.000000,44.728034
48.000000,50.342727
52.000000,44.598612
53.000000,48.745987
66.000000,52.712526
62.000000,66.337004
63.000000,62.200669
61.000000,62.730884
58.000000,60.248830
62.000000,55.533241
69.000000,56.323923
83.000000,61.153649
97.000000,74.101253
98.000000,94.643925
94.000000,97.071094
89.000000,94.366200
104.000000,87.445692
101.000000,102.915982
67.000000,103.266506
54.000000,66.955398
58.000000,53.162273
53.000000,54.856255
53.000000,50.524572
48.000000,51.186140
43.000000,46.370450
37.000000,42.166640
35.000000,37.302297
36.000000,36.051876
49.000000,36.423936
59.000000,47.273734
58.000000,55.068489
57.000000,54.214203
55.000000,52.667585
49.000000,50.752711
55.000000,45.847376
47.000000,50.146103
42.000000,44.176967
39.000000,39.774778
38.000000,37.215815
41.000000,36.368995
35.000000,38.872944
42.000000,33.551410
40.000000,39.659132
39.000000,37.329921
33.000000,36.545935
31.000000,32.041019
42.000000,31.187797
37.000000,40.646039
36.000000,35.368229
36.000000,35.369004
35.000000,35.034638
33.000000,34.569189
38.000000,33.436056
42.000000,37.458590
45.000000,40.280249
50.000000,43.229222
54.000000,48.747466
57.000000,50.964639
55.000000,54.046684
50.000000,51.000181
55.000000,47.543749
52.000000,52.095424
64.000000,49.669592
55.000000,60.360442
43.000000,54.172022
37.000000,43.502004
38.000000,36.981214
36.000000,36.642580
36.000000,34.783373
31.000000,34.960235
31.000000,31.729962
30.000000,30.529896
38.000000,30.444651
39.000000,39.286332
42.000000,39.680269
33.000000,41.836537
46.000000,34.095084
44.000000,43.821012
41.000000,42.972654
31.000000,40.512114
25.000000,32.446799
35.000000,28.112901
32.000000,36.856816
32.000000,33.655035
37.000000,33.249433
32.000000,36.299181
38.000000,33.107917
52.000000,38.120602
55.000000,49.531636
38.000000,50.009249
46.000000,36.486896
45.000000,45.516172
49.000000,45.605468
41.000000,48.414914
36.000000,41.143843
34.000000,37.414355
29.000000,35.858482
26.000000,32.326646
23.000000,29.897322
22.000000,26.889502
27.000000,26.612693
24.000000,30.532268
26.000000,28.450616
20.000000,29.709885
21.000000,24.899264
19.000000,25.535363
24.000000,23.983569
29.000000,27.270428
24.000000,30.345614
26.000000,26.857232
22.000000,29.165893
24.000000,25.638087
29.000000,27.230140
26.000000,30.576269
28.000000,28.319827
26.000000,28.944041
27.000000,27.676925
31.000000,28.599682
33.000000,31.492645
36.000000,34.065024
34.000000,35.811150
33.000000,34.515619
38.000000,33.872810
36.000000,38.294332
41.000000,36.178747
50.000000,40.391299
55.000000,48.953588
42.000000,54.829691
42.000000,43.065384
48.000000,42.421179
51.000000,48.460182
51.000000,52.641399
65.000000,53.182704
59.000000,67.410047
47.000000,60.589831
53.000000,47.885268
60.000000,56.014464
68.000000,64.646105
79.000000,74.331882
66.000000,90.258762
49.000000,72.238666
38.000000,53.297946
33.000000,40.857321
37.000000,36.278340
43.000000,39.581824
55.000000,46.367729
63.000000,59.556676
59.000000,66.928889
51.000000,61.212332
53.000000,53.343696
51.000000,55.886336
48.000000,51.187689
55.000000,47.755520
52.000000,53.668921
57.000000,51.823538
53.000000,59.606637
49.000000,54.221183
44.000000,49.191081
39.000000,45.163968
43.000000,40.674315
39.000000,42.738141
40.000000,38.779477
37.000000,40.103799
37.000000,37.979799
38.000000,38.353668
37.000000,38.854653
28.000000,37.348604
35.000000,29.888040
36.000000,36.300544
34.000000,37.217950
37.000000,35.508471
41.000000,38.129788
56.000000,41.618741
55.000000,55.060226
53.000000,52.972607
39.000000,50.928079
52.000000,38.150670
51.000000,50.808338
55.000000,49.722201
55.666667,53.504551
56.333333,54.290356
57.000000,54.588619
66.000000,55.916627
75.000000,63.961139
73.000000,72.587704
86.000000,70.283377
80.000000,88.753396
87.000000,80.269730
72.000000,91.415874
67.000000,73.415843
58.000000,67.467694
55.000000,57.690149
52.000000,53.435795
54.000000,49.888521
53.000000,53.489604
48.000000,52.935612
46.000000,48.122426
41.000000,46.666120
50.000000,42.890066
46.000000,51.073040
69.000000,45.989955
82.000000,66.593816
77.000000,77.557475
78.000000,78.137903
86.000000,76.943130
99.000000,85.361090
85.000000,97.502007
88.000000,86.878012
89.000000,90.979646
105.000000,88.191787
101.000000,101.025203
90.000000,95.111046
80.000000,86.462216
79.000000,76.719822
75.000000,76.344378
75.000000,72.004289
74.000000,72.856119
74.000000,73.216406
79.000000,74.101727
76.000000,79.417400
94.000000,77.344690
122.000000,94.018585
118.000000,122.862520
102.000000,117.160383
89.000000,100.584883
99.000000,88.526060
118.000000,98.765304
89.000000,116.945711
73.000000,87.916231
69.000000,73.179186
77.000000,70.403612
85.000000,78.596770
61.000000,85.123262
68.000000,61.663655
62.000000,66.929017
59.000000,61.762012
64.000000,59.328259
54.000000,63.040288
49.000000,52.852607
53.000000,48.195671
49.000000,51.364979
49.000000,48.759047
52.000000,46.911386
56.000000,50.148188
65.000000,54.111649
71.000000,62.456600
67.000000,70.406689
42.000000,66.380069
42.000000,42.691719
32.000000,43.585746
45.000000,35.833032
63.000000,46.530100
58.000000,62.437056
58.000000,57.841203
42.000000,59.450472
19.000000,45.135375
20.000000,25.001869
17.000000,24.132768
11.000000,22.469884
15.000000,17.231884
9.000000,20.368520
9.000000,16.551874
11.000000,16.455424
10.000000,18.059544
5.000000,17.320653
11.000000,13.485669
11.000000,17.321097
11.000000,18.294325
20.000000,17.780553
26.000000,24.860872
26.000000,28.610111
22.000000,28.864109
29.000000,26.196953
32.000000,30.839912
25.000000,31.885075
23.000000,26.338067
30.000000,24.569823
28.000000,28.977413
32.000000,28.274047
42.000000,31.474439
49.000000,38.036672
50.000000,41.584300
51.000000,45.052545
49.000000,45.836958
49.000000,43.401081
48.000000,42.415795
41.000000,41.175567
37.000000,38.616018
36.000000,35.981114
34.000000,36.119613
36.000000,35.123979
34.000000,37.434005
30.000000,35.797774
31.000000,32.037880
27.000000,32.239240
22.000000,29.501068
27.000000,26.522612
22.000000,30.028375
20.000000,26.592437
25.000000,25.207094
30.000000,28.114137
24.000000,30.467267
28.000000,27.264997
38.000000,30.106466
41.000000,36.757863
46.000000,38.650509
44.000000,41.848324
36.000000,40.139131
41.000000,34.319547
34.000000,38.696470
38.000000,34.048428
40.000000,36.528720
38.000000,38.162016
35.000000,37.502261
35.000000,35.228753
39.000000,36.280229
35.000000,39.067715
40.000000,35.499737
34.000000,40.196009
30.000000,35.054835
25.000000,31.479092
29.000000,27.776441
21.000000,30.748128
22.000000,24.933485
30.000000,25.835046
33.000000,32.488055
40.000000,34.777022
50.000000,41.069791
71.000000,48.710586
74.000000,70.884157
63.000000,72.395257
58.000000,60.239931
61.000000,55.647102
73.000000,58.057657
95.000000,72.226584
96.000000,95.811154
80.000000,97.170571
59.000000,77.611434
42.000000,57.199968
25.000000,40.364805
28.000000,26.349102
33.000000,28.988734
34.000000,33.022319
27.000000,34.261992
39.000000,29.110791
46.000000,38.653022
48.000000,44.350375
52.000000,46.358793
49.333333,49.224574
46.666667,45.951653
44.000000,45.120276
50.000000,43.309089
49.000000,48.402200
41.000000,45.335833
37.000000,39.961859
41.000000,36.861762
34.000000,39.734034
30.000000,33.750584
26.000000,30.496823
25.000000,27.540735
32.000000,27.064213
32.000000,32.641502
30.000000,31.781791
30.000000,30.635548
37.000000,31.102931
47.000000,36.672486
41.000000,45.209256
29.000000,41.127420
32.000000,29.963380
38.000000,32.362088
28.000000,37.575623
29.000000,28.695427
24.000000,29.609371
25.000000,26.199730
27.000000,27.695182
31.000000,29.845177
23.000000,32.701361
27.000000,25.559897
24.000000,28.965044
32.000000,26.779545
30.000000,32.186807
33.000000,30.939253
27.000000,32.849015
27.000000,27.445803
38.000000,27.700280
30.000000,38.097973
31.000000,30.082917
40.000000,31.746864
41.000000,38.544321
42.000000,36.802397
37.000000,38.472607
31.000000,35.818163
26.000000,30.952929
20.000000,27.491440
25.000000,24.145094
22.000000,27.253603
19.000000,25.166637
24.000000,23.318538
29.000000,26.767263
27.000000,30.447391
37.000000,29.099309
28.000000,36.824673
30.000000,28.858941
30.000000,30.609504
30.000000,30.584860
25.000000,30.478300
28.000000,26.789581
27.000000,28.586837
22.000000,28.671992
24.000000,25.410283
27.000000,27.682013
32.000000,29.357885
42.000000,33.014140
45.000000,41.717177
42.000000,44.531203
35.000000,40.997411
40.000000,34.741704
41.000000,39.266551
39.000000,40.239786
48.000000,39.207934
42.000000,46.598674
41.000000,41.770094
44.000000,41.540152
51.000000,44.972300
48.000000,50.002006
63.000000,44.927790
53.000000,58.688385
59.000000,51.450303
59.000000,59.528278
52.000000,62.339792
51.000000,54.421465
54.000000,52.917120
54.000000,57.234575
46.000000,57.737677
51.000000,48.563654
57.000000,54.364338
60.000000,61.309843
57.000000,64.059299
48.000000,60.095748
29.000000,50.416556
32.000000,31.195673
32.000000,33.820072
18.000000,34.288624
26.000000,22.902898
43.000000,29.314688
52.000000,44.679653
44.000000,54.275411
40.000000,45.418525
34.000000,41.785994
47.000000,34.261089
53.000000,46.220992
47.000000,51.788205
50.000000,45.017407
44.000000,47.420172
51.000000,43.450649
50.000000,50.055238
51.000000,48.688973
48.000000,50.803301
46.000000,46.124360
53.000000,45.283491
51.000000,51.685556
55.000000,49.592875
43.000000,53.270355
20.000000,42.630957
16.000000,23.665076
20.000000,20.372581
16.000000,23.793245
13.000000,20.371110
17.000000,18.180675
22.000000,21.465741
42.000000,26.046877
38.000000,43.613891
36.000000,38.677730
48.000000,35.311812
58.000000,44.892684
49.000000,55.726933
45.000000,47.571556
33.000000,42.480979
30.000000,32.349413
23.000000,30.720210
27.000000,26.036497
28.000000,28.925555
36.000000,28.756294
39.000000,35.278006
41.000000,38.660485
37.000000,40.343121
38.000000,36.130345
21.000000,35.733098
23.000000,22.965509
13.000000,24.696740
17.000000,17.789736
25.000000,20.829087
21.000000,27.504377
19.000000,24.977304
25.000000,23.816269
37.000000,28.579051
38.000000,38.098641
32.000000,37.574541
39.000000,32.506541
45.000000,37.460972
49.000000,42.487619
46.000000,47.439029
42.000000,44.472155
45.000000,41.324325
43.000000,44.687207
47.000000,44.481055
50.000000,47.166874
49.000000,49.755227
55.000000,49.072685
57.000000,54.546932
61.000000,56.855500
52.000000,60.312727
51.000000,50.987981
45.000000,51.234836
49.000000,46.193123
54.000000,51.438164
54.000000,55.731666
71.000000,58.312797
68.000000,74.321347
58.000000,70.888664
48.000000,60.474666
74.000000,49.217103
57.000000,76.864468
50.000000,57.483200
52.000000,50.104996
50.000000,53.781482
50.000000,52.335255
45.000000,50.782965
45.000000,46.044840
40.000000,46.053896
39.000000,41.136086
39.000000,40.691257
35.000000,41.070202
46.000000,36.221956
47.000000,46.893554
44.000000,47.807197
42.000000,43.880548
40.000000,42.016183
38.000000,39.963398
32.000000,38.234732
34.000000,33.222782
39.000000,35.810187
44.000000,39.841548
41.000000,44.906163
34.000000,42.067817
34.000000,34.782811
29.000000,34.724574
29.000000,31.032069
29.000000,30.727970
23.000000,29.829954
29.000000,25.516408
33.000000,30.282207
31.000000,34.667496
24.000000,32.393235
28.000000,25.530654
39.000000,29.194472
43.000000,38.667442
50.000000,42.341091
51.000000,47.021492
32.000000,48.743697
28.000000,32.353267
34.000000,29.237772
37.000000,33.853547
40.000000,35.669626
46.000000,39.312127
41.000000,45.113707
41.000000,41.820348
35.000000,41.508928
49.000000,36.795619
57.000000,48.060792
49.000000,54.297226
45.000000,46.583337
46.000000,42.239972
54.000000,44.830779
57.000000,54.267125
51.000000,58.854413
51.000000,51.163553
47.000000,54.221167
51.000000,48.871823
50.000000,51.461924
55.000000,50.587239
59.000000,54.816143
71.000000,60.416735
57.000000,74.206609
63.000000,59.283110
94.000000,62.213379
117.000000,101.306525
116.000000,134.355056
105.000000,131.171679
103.000000,121.027364
109.000000,110.486307
111.000000,116.875827
128.000000,117.169188
125.000000,139.406030
110.000000,127.011139
108.000000,110.736609
105.000000,103.011900
109.000000,99.669608
102.000000,107.026882
89.000000,99.648643
83.000000,86.830038
86.000000,81.887300
107.000000,83.379184
115.000000,105.899902
114.000000,113.572545
126.000000,109.217068
129.000000,121.174041
137.000000,125.022503
137.000000,134.079301
135.000000,133.567563
179.000000,132.182080
160.000000,176.338675
157.000000,155.594716
156.000000,152.484459
150.000000,156.598239
151.000000,154.887998
174.000000,153.268439
188.000000,178.816692
173.000000,195.116657
159.000000,179.660376
158.000000,163.088025
152.000000,161.164277
160.000000,159.819756
180.000000,169.802955
167.000000,194.942129
158.000000,178.443782
160.000000,168.092224
157.000000,171.249050
197.000000,168.190644
213.000000,213.792222
187.000000,239.555128
186.000000,211.276187
189.000000,217.088249
207.000000,220.480042
215.000000,243.450249
209.000000,248.006304
203.000000,237.254774
203.000000,227.817291
240.000000,235.249914
211.000000,291.342089
218.000000,239.757275
211.000000,237.138298
197.000000,227.473661
190.000000,215.987562
186.000000,205.914898
178.000000,196.165823
197.000000,186.529747
164.000000,206.670631
164.000000,168.658001
163.000000,174.909276
157.000000,172.120992
186.000000,167.682313
176.000000,201.999381
167.000000,194.348994
156.000000,187.548210
151.000000,175.986511
146.000000,170.342490
169.000000,152.819582
174.000000,181.369841
160.000000,185.888112
156.000000,168.485799
161.000000,162.633483
158.000000,169.418514
180.000000,169.543326
189.000000,197.500226
178.000000,187.879966
146.000000,178.991612
128.000000,150.032154
99.000000,132.893861
77.000000,106.026117
39.000000,83.567298
23.000000,48.792833
31.000000,35.915403
42.000000,43.461378
30.000000,53.937741
26.000000,45.406550
29.000000,41.302981
24.000000,42.856122
23.000000,36.882006
22.000000,36.345635
27.000000,34.395364
29.000000,36.500996
23.000000,38.376021
24.000000,33.252958
21.000000,33.518385
25.000000,32.001310
19.000000,34.686028
22.000000,29.873542
10.000000,30.676081
15.000000,22.557293
21.000000,25.261120
17.000000,28.890664
18.000000,27.411632
15.000000,25.421127
19.000000,25.024375
19.000000,27.109845
19.000000,26.700297
17.000000,27.648250
18.000000,26.094210
15.000000,26.830850
16.000000,25.553075
23.000000,25.390736
19.000000,29.222947
20.000000,27.733694
18.000000,28.523138
23.000000,27.106749
24.000000,28.002686
19.000000,27.870353
28.000000,25.846559
20.000000,31.546196
25.000000,28.108779
18.000000,30.614860
26.000000,25.419689
18.000000,28.747392
15.000000,24.727074
20.000000,23.094067
15.000000,23.926975
20.000000,21.572139
19.000000,23.551271
16.000000,22.736077
10.000000,22.143634
15.000000,19.932909
12.000000,22.996442
8.000000,21.953607
12.000000,20.676989
14.000000,23.192499
30.000000,24.480227
18.000000,32.637057
17.000000,25.880637
35.000000,25.564587
31.000000,34.499526
20.000000,33.122966
20.000000,26.994004
27.000000,27.293071
25.000000,30.695066
33.000000,29.323102
34.000000,34.783804
41.000000,34.535719
43.000000,39.013732
40.000000,41.139578
44.000000,39.701460
41.000000,41.451061
34.000000,39.174449
31.000000,35.160768
34.000000,32.562462
30.000000,35.671705
31.000000,32.908857
27.000000,33.802487
32.000000,30.861360
48.000000,33.941545
44.000000,43.480598
53.000000,40.092190
57.000000,45.194858
74.000000,46.672352
67.000000,60.970683
73.000000,54.707644
83.000000,58.798158
90.000000,66.357589
181.000000,74.754616
346.000000,154.613392
527.000000,328.097907
627.000000,548.745295
746.000000,641.882892
1191.000000,736.780074
565.000000,397.677013
126.000000,600.751599
64.000000,115.308881
42.000000,59.913791
31.000000,40.756950
34.000000,34.917019
29.000000,31.033924
16.000000,24.259614
17.000000,15.770454
32.000000,1.466548
24.000000,29.618826
25.000000,28.115597
16.000000,27.530162
29.000000,20.844513
25.000000,29.554104
25.000000,23.170075
24.000000,18.752703
24.000000,12.982845
34.000000,1.134903
35.000000,25.248770
32.000000,32.886849
39.000000,30.594851
47.000000,35.575962
42.000000,39.270791
51.000000,28.610144
54.000000,25.263311
40.000000,17.949298
38.000000,1.340315
31.000000,25.420989
28.000000,29.118019
33.000000,27.163031
33.000000,31.015244
38.000000,31.527866
42.000000,31.875878
45.000000,29.391717
46.000000,23.626649
36.000000,2.817424
82.000000,30.223773
52.000000,75.152199
33.000000,48.300777
76.000000,33.693752
201.000000,72.453563
237.000000,161.101926
213.000000,154.967309
200.000000,94.083217
204.000000,8.983818
186.000000,148.960029
181.000000,175.833537
165.000000,157.665376
124.000000,110.969038
112.000000,56.632896
93.000000,28.033242
57.000000,15.197801
45.000000,6.084616
36.000000,0.210829
26.000000,11.945403
32.000000,29.079916
24.000000,34.363972
17.000000,28.882794
12.000000,23.531337
11.000000,16.342064
17.000000,11.990141
10.000000,8.091393
10.000000,0.433839
13.000000,13.727456
12.000000,21.614747
8.000000,20.281669
13.000000,19.111870
20.000000,22.025288
27.000000,19.501966
27.000000,15.967566
18.000000,10.370415
21.000000,0.572814
21.000000,17.275846
15.000000,25.405849
22.000000,20.328035
21.000000,26.425880
27.000000,27.820753
22.000000,29.583657
23.000000,23.079142
24.000000,16.778470
29.000000,1.595797
32.000000,28.047249
26.000000,35.812509
27.000000,28.189680
36.000000,29.240275
26.000000,35.387883
27.000000,26.588678
26.000000,20.913578
23.000000,13.031243
17.000000,0.876471
24.000000,20.588718
30.000000,28.044344
25.000000,31.699202
17.000000,27.534294
22.000000,20.594625
14.000000,20.517476
11.000000,15.549627
12.000000,13.844002
23.000000,14.066879
18.000000,19.259212
20.000000,17.419889
22.000000,18.354779
26.000000,19.387126
27.000000,23.343920
36.000000,23.729315
44.000000,28.359100
42.000000,34.523522
33.000000,33.085561
38.000000,28.826195
35.000000,32.521551
37.000000,30.227528
39.000000,31.830338
40.000000,34.699948
31.000000,35.593264
34.000000,30.738325
27.000000,32.886124
38.000000,28.306596
41.000000,34.513350
42.000000,37.916815
51.000000,37.315941
51.000000,43.391894
46.000000,45.724679
46.000000,44.106388
46.000000,43.357436
38.000000,43.490066
41.000000,37.448280
40.000000,39.756793
42.000000,40.159139
52.000000,41.187171
51.000000,48.074528
51.000000,48.303455
46.000000,46.948507
67.000000,42.475397
63.000000,56.250850
57.000000,52.087557
49.000000,47.735449
59.000000,42.478008
78.000000,50.405707
98.000000,64.849490
95.000000,81.661935
104.000000,81.688972
77.000000,92.968814
70.000000,74.918006
67.000000,66.427075
51.000000,64.605770
35.000000,48.650540
45.000000,34.616166
54.000000,42.776656
58.000000,50.554286
60.000000,54.656834
58.000000,56.525658
65.000000,56.434378
83.000000,61.824509
87.000000,81.332114
84.000000,87.214229
79.000000,80.748602
56.000000,74.143712
46.000000,52.412348
48.000000,44.646992
45.000000,45.340108
44.000000,42.860663
63.000000,41.821400
64.000000,60.635646
72.000000,62.605674
68.000000,68.547726
62.000000,64.424366
56.000000,57.611592
61.000000,51.642728
58.000000,55.685279
54.000000,53.976923
59.000000,50.466724
57.000000,55.769270
50.000000,55.008167
53.000000,49.268416
65.000000,51.164320
65.000000,60.845729
73.000000,60.695339
70.000000,67.274280
83.000000,65.877395
104.000000,78.107056
99.000000,98.521121
75.000000,92.483480
74.000000,69.898079
77.000000,69.488303
69.000000,73.944675
79.000000,66.830161
87.000000,77.252467
109.000000,84.113424
116.000000,106.173569
104.000000,113.357706
102.000000,100.571825
92.000000,95.252090
75.000000,84.764740
71.000000,67.958275
70.000000,65.347786
67.000000,62.854088
64.000000,63.312778
62.000000,61.047432
58.000000,62.331265
80.000000,59.802392
92.000000,81.204399
81.000000,91.615527
75.000000,76.835791
63.000000,70.081016
65.000000,58.937934
59.000000,61.566794
62.000000,55.096954
56.000000,58.455304
61.000000,52.782038
61.000000,58.471423
72.000000,59.809881
87.000000,70.251286
99.000000,83.905215
95.000000,94.468648
89.000000,92.890243
91.000000,86.277418
82.000000,87.760611
76.000000,77.354866
71.000000,70.989030
64.000000,68.574900
63.000000,64.955388
62.000000,64.675579
58.000000,64.706611
62.000000,60.685511
86.000000,65.433748
84.000000,90.643995
81.000000,85.431082
71.000000,80.428765
73.000000,71.245904
80.000000,72.066685
98.000000,78.106702
87.000000,95.112517
85.000000,85.133238
89.000000,83.692370
98.000000,88.236233
113.000000,95.344537
124.000000,114.763220
85.000000,125.628459
53.000000,82.205333
40.000000,53.320079
38.000000,42.542827
40.000000,39.728985
80.000000,39.971304
112.000000,72.939889
51.000000,102.084191
28.000000,52.667214
22.000000,35.014266
28.000000,28.714067
27.000000,31.938177
29.000000,31.049067
26.000000,32.279704
17.000000,30.117694
22.000000,26.309096
22.000000,31.031601
13.000000,28.019599
19.000000,20.491413
16.000000,24.360655
21.000000,22.045538
21.000000,26.683462
12.000000,26.425507
23.000000,20.250534
23.000000,29.768215
24.000000,30.114262
22.000000,29.007787
20.000000,26.604342
20.000000,24.463653
21.000000,23.586295
23.000000,24.319812
24.000000,25.794768
22.000000,26.990866
36.000000,27.368453
32.000000,38.543671
34.000000,34.791379
36.000000,35.477390
30.000000,36.333729
26.000000,31.514182
32.000000,29.166635
31.000000,33.424032
24.000000,32.447031
23.000000,27.580038
39.000000,27.504099
51.000000,39.742046
47.000000,49.207106
44.000000,44.231120
59.000000,40.265524
62.000000,48.550880
66.000000,52.773155
57.000000,56.312618
52.000000,48.714405
53.000000,46.214534
51.000000,44.697567
51.000000,41.619838
49.000000,45.263553
51.000000,45.362277
54.000000,47.169927
50.000000,50.742163
52.000000,47.216490
56.000000,45.117749
52.000000,45.584839
54.000000,46.691410
58.000000,48.130826
80.000000,53.795490
64.000000,72.871305
48.000000,57.740138
43.000000,46.018847
40.000000,41.857541
30.000000,40.377139
26.000000,33.307262
41.000000,30.418463
43.000000,41.130520
39.000000,43.184111
38.000000,40.928747
37.000000,39.394747
44.000000,38.258407
44.000000,43.723092
32.000000,42.978256
38.000000,34.472557
58.000000,38.700295
56.000000,55.951021
54.000000,54.769463
60.000000,52.026364
74.000000,55.981610
80.000000,69.231375
79.000000,74.926704
79.000000,73.679247
65.000000,70.801522
67.000000,59.183623
80.000000,61.543712
96.000000,75.002447
105.000000,90.457768
94.000000,103.115144
79.000000,93.903056
50.000000,77.635073
42.000000,49.260907
35.000000,42.071397
33.000000,36.564635
24.000000,33.831004
24.000000,26.927392
23.000000,27.086694
26.000000,26.445087
20.000000,28.839504
26.000000,23.549473
26.000000,27.572900
29.000000,28.018953
37.000000,30.516208
26.000000,36.004389
23.000000,27.150924
32.000000,25.101115
41.000000,31.642701
38.000000,38.189219
34.000000,35.285730
37.000000,32.328466
42.000000,34.519373
42.000000,39.702975
43.000000,40.126460
42.000000,39.314267
42.000000,36.595723
46.000000,37.709818
56.000000,42.512772
51.000000,51.016535
55.000000,47.141649
50.000000,51.040835
47.000000,49.321334
45.000000,47.310891
45.000000,44.165604
42.000000,42.950244
41.000000,41.480610
41.000000,41.986934
35.000000,42.267826
28.000000,36.839151
35.000000,31.241444
35.000000,37.746906
48.000000,37.238711
111.000000,48.168167
228.000000,104.562983
299.000000,225.069220
176.000000,310.296721
82.000000,161.784541
62.000000,83.484529
41.000000,60.640792
56.000000,41.840556
70.000000,56.194539
107.000000,69.375046
122.000000,92.631903
86.000000,101.393438
65.000000,72.134016
73.000000,58.087378
74.000000,69.365944
75.000000,69.485594
78.000000,73.870892
85.000000,78.260150
79.000000,82.194225
81.000000,73.370359
57.000000,74.756305
41.000000,53.185513
43.000000,42.933184
53.000000,44.223994
54.000000,52.542683
59.000000,54.653668
63.000000,60.618865
64.000000,62.736408
77.000000,63.130249
80.000000,73.193390
75.000000,70.685105
72.000000,70.846870
57.000000,69.422345
45.000000,56.672027
41.000000,46.905360
45.000000,42.889237
46.000000,45.944897
45.000000,48.665465
48.000000,50.447476
46.000000,51.707798
44.000000,47.752961
37.000000,43.851268
38.000000,37.074383
49.000000,37.803984
45.000000,46.847030
33.000000,43.739481
28.000000,36.967344
46.000000,37.070556
46.000000,54.929183
45.000000,49.695867
48.000000,45.390942
58.000000,47.143266
75.000000,55.542130
59.000000,72.907530
66.000000,55.918596
66.000000,57.864413
57.000000,48.955680
62.000000,36.393087
56.000000,47.319757
52.000000,51.391548
50.000000,50.005274
48.000000,50.444865
54.000000,48.809900
53.000000,52.400698
55.000000,47.205262
57.000000,45.199054
58.000000,44.330654
68.000000,51.040453
75.000000,63.180417
89.000000,74.048144
105.000000,93.013144
164.000000,102.597560
187.000000,151.926270
186.000000,165.561416
182.000000,147.956873
171.000000,138.466660
200.000000,155.929333
209.000000,195.654670
209.000000,198.813717
220.000000,199.043949
189.000000,213.701376
175.000000,180.558874
169.000000,167.370232
180.000000,154.460390
200.000000,164.021883
185.000000,201.384879
172.000000,179.896610
160.000000,164.419311
159.000000,154.218908
176.000000,160.490490
184.000000,177.996003
172.000000,187.188782
189.000000,160.920608
195.000000,164.232269
182.333333,194.646919
169.666667,185.400939
157.000000,172.784085
153.000000,160.983630
151.000000,158.624257
149.000000,158.038754
159.000000,158.108170
179.000000,170.336811
177.000000,186.006030
181.000000,182.022632
170.000000,187.491976
157.000000,176.573180
144.000000,162.217130
144.000000,145.700991
137.000000,156.874898
151.000000,148.808297
130.000000,168.179320
117.000000,143.647476
108.000000,125.966931
102.000000,120.380670
96.000000,114.990823
102.000000,109.358439
98.000000,117.549578
102.000000,118.657297
118.000000,124.304275
111.000000,144.418609
106.000000,134.379441
106.000000,126.420963
96.000000,126.501882
104.000000,113.012083
96.000000,119.527901
86.000000,109.736730
61.000000,88.845548
50.000000,61.727141
72.000000,52.621613
258.000000,73.326647
323.000000,294.698062
315.000000,361.273807
264.000000,338.285822
206.000000,269.822652
178.000000,195.597133
162.000000,167.158949
107.000000,149.259627
72.000000,96.755152
63.000000,68.330462
52.000000,63.659187
37.000000,53.977755
38.000000,44.242051
38.000000,45.581575
40.000000,44.600528
33.000000,44.450001
24.000000,38.458183
21.000000,32.286277
23.000000,29.005940
21.000000,30.512593
16.000000,29.133370
19.000000,26.558545
28.000000,29.012459
29.000000,34.446038
28.000000,36.275971
25.000000,35.141531
29.000000,32.543720
24.000000,32.737356
21.000000,29.399761
21.000000,27.033398
29.000000,27.207791
27.000000,33.111002
27.000000,33.746619
32.000000,33.647796
42.000000,36.067986
46.000000,40.729815
53.000000,43.761274
49.000000,51.247780
53.000000,47.450236
63.000000,49.856992
57.000000,59.826447
55.000000,55.248297
58.000000,54.219413
61.000000,54.691340
59.000000,52.860189
71.000000,52.446220
71.000000,69.153885
62.000000,68.578494
57.000000,62.855377
50.000000,59.960410
50.000000,53.967967
43.000000,53.584973
43.000000,49.067834
40.000000,47.073868
41.000000,42.630601
35.000000,32.503689
42.000000,25.496650
42.000000,27.862360
43.000000,31.397575
52.000000,35.367792
50.000000,42.435015
52.000000,41.779040
47.000000,46.237608
55.000000,44.259557
59.000000,44.669944
77.000000,42.343240
83.000000,52.739340
72.000000,61.640873
73.000000,59.672874
67.000000,62.287416
83.000000,59.277271
81.000000,75.124976
75.000000,74.890192
58.000000,63.657196
42.000000,48.063863
34.000000,40.205617
30.000000,38.027887
48.000000,35.108989
101.000000,47.926153
126.000000,89.810225
117.000000,118.569302
100.000000,112.758092
86.000000,98.864010
89.000000,80.823921
75.000000,83.344385
60.000000,73.598644
51.000000,60.137650
42.000000,53.443899
42.000000,47.041910
40.000000,46.490335
41.000000,43.515460
38.000000,43.965422
35.000000,39.166023
22.000000,36.672243
34.000000,28.213845
33.000000,35.295395
28.000000,34.875134
33.000000,31.113318
27.000000,34.255565
31.000000,28.988310
21.000000,31.395844
28.000000,23.498289
25.000000,28.416026
28.000000,25.960552
30.000000,29.363239
35.000000,30.911490
32.000000,34.060349
30.000000,32.180941
36.000000,30.302040
32.000000,35.286770
35.000000,31.618164
28.000000,34.150174
26.000000,28.924281
26.000000,27.799795
29.000000,27.771156
30.000000,29.876573
29.000000,31.339048
46.000000,30.480418
49.000000,44.525593
41.000000,45.429263
39.000000,38.090740
35.000000,36.127537
31.000000,34.051354
31.000000,31.376680
29.000000,31.918495
35.000000,30.550073
27.000000,34.747488
33.000000,29.986929
40.000000,34.972776
47.000000,40.812634
47.000000,45.787034
36.000000,46.534597
44.000000,36.597868
50.000000,39.301776
49.000000,40.627553
41.000000,40.747652
42.000000,36.959184
42.000000,39.347856
45.000000,39.400036
41.000000,42.605917
37.000000,41.826240
32.000000,38.013636
27.000000,32.504422
29.000000,28.930010
31.000000,30.073250
36.000000,31.811143
32.000000,35.897935
30.000000,33.488872
33.000000,32.430104
37.000000,35.347471
41.000000,38.820720
49.000000,40.246998
49.000000,45.158104
51.000000,45.583935
54.000000,48.475837
47.000000,52.251735
43.000000,45.033167
37.000000,41.215818
42.000000,37.041464
29.000000,42.483103
20.000000,31.332800
22.000000,25.522624
18.000000,26.773299
28.000000,23.944078
35.000000,31.567428
34.000000,36.712212
44.000000,35.221745
51.000000,44.561877
48.000000,53.068932
46.000000,45.139731
47.000000,42.219556
39.000000,43.459121
39.000000,36.957340
43.000000,38.030874
38.000000,42.177588
33.000000,37.735038
33.000000,34.992190
42.000000,35.475463
44.000000,43.050914
49.000000,43.821309
39.000000,48.354525
42.000000,38.859127
41.000000,41.246959
41.000000,42.102888
41.000000,40.955139
48.000000,41.973370
43.000000,48.595263
31.000000,45.148247
44.000000,33.107232
135.000000,45.627635
235.000000,143.971999
287.000000,219.797462
323.000000,279.705655
316.000000,316.836520
285.000000,309.523364
179.000000,280.150466
152.000000,168.488848
147.000000,147.022217
98.000000,146.993494
57.000000,91.224524
53.000000,56.765873
43.000000,53.570018
39.000000,45.592027
37.000000,42.543962
32.000000,41.401902
27.000000,35.242157
30.000000,30.072750
28.000000,32.677750
16.000000,30.684051
19.000000,22.781701
19.000000,25.330782
14.000000,25.259087
21.000000,22.416457
22.000000,26.257927
22.000000,26.182915
16.000000,25.814011
18.000000,21.767273
11.000000,22.649645
18.000000,17.796687
18.000000,22.686994
17.000000,22.643191
25.000000,21.409743
23.000000,26.208753
19.000000,24.739458
19.000000,21.794026
22.000000,21.775449
29.000000,23.697173
32.000000,29.070062
28.000000,31.484082
27.000000,28.390740
25.000000,27.600688
31.000000,26.853738
25.000000,30.337165
28.000000,24.955244
29.000000,27.404841
38.000000,30.755174
34.000000,40.860581
30.000000,38.835588
30.000000,35.554976
28.000000,35.211165
26.000000,33.399366
21.000000,29.410203
19.000000,24.869938
16.000000,23.208831
15.000000,18.381904
21.000000,15.994374
22.000000,17.457431
27.000000,16.423877
25.000000,18.330085
31.000000,18.807612
28.000000,24.758999
38.000000,23.375814
33.000000,29.520178
30.000000,27.813882
30.000000,26.421041
38.000000,26.268976
37.000000,28.925984
33.000000,28.768638
49.000000,28.375688
60.000000,40.461940
72.000000,47.884092
79.000000,56.763262
67.000000,61.717288
57.000000,50.986718
49.000000,43.375028
41.000000,37.489225
40.000000,33.843726
39.000000,34.392165
44.000000,36.455279
56.000000,39.478030
51.000000,49.590087
39.000000,48.916440
36.000000,41.077555
29.000000,38.476346
23.000000,33.236481
26.000000,29.151517
25.000000,30.609376
21.000000,29.004152
21.000000,25.559320
17.000000,26.503227
17.000000,24.188744
15.000000,23.934365
28.000000,22.855358
22.000000,29.160814
24.000000,25.704806
25.000000,27.009804
17.000000,27.053329
21.000000,21.431073
22.000000,24.141944
25.000000,23.819137
18.000000,24.767041
23.000000,20.421617
30.000000,24.366631
31.000000,29.012794
32.000000,30.600878
35.000000,31.405062
40.000000,32.349251
47.000000,36.472279
55.000000,41.877258
51.000000,48.185128
49.000000,45.266277
47.000000,45.472055
48.000000,43.839691
52.000000,46.018036
54.500000,50.369786
57.000000,50.636146
50.000000,52.508671
40.000000,46.871905
43.000000,39.196740
35.000000,42.250376
46.000000,35.466460
41.000000,46.482309
45.000000,41.806089
41.000000,46.678039
41.000000,40.969339
44.000000,40.219429
41.000000,42.280022
41.000000,41.262974
36.000000,42.649558
36.000000,37.554598
39.000000,38.066486
47.000000,40.392958
51.000000,48.993392
40.000000,50.278724
30.000000,38.650639
44.000000,29.970133
42.000000,41.352032
30.000000,40.680510
39.000000,31.119005
34.000000,39.189476
39.000000,34.727843
37.000000,39.713866
52.000000,36.880595
54.000000,48.953583
58.000000,49.617509
57.000000,55.182353
55.000000,54.617413
53.000000,54.133428
45.000000,52.379021
45.000000,44.610488
40.000000,45.606198
39.000000,40.717573
41.000000,40.674220
43.000000,42.093412
39.000000,44.698914
42.000000,40.725025
51.000000,43.793671
64.000000,52.341508
70.000000,66.113512
71.000000,71.455297
80.000000,70.037698
95.000000,79.955435
103.000000,94.968168
86.000000,105.366248
83.000000,87.685141
95.000000,91.716889
105.000000,103.292164
105.000000,116.781680
122.000000,111.668943
137.000000,124.178311
113.000000,132.086596
102.000000,107.579477
93.000000,96.105362
85.000000,88.884860
76.000000,84.453701
83.000000,72.976710
92.000000,79.540518
85.000000,88.212693
94.000000,78.970142
84.000000,86.760117
89.000000,77.183820
84.000000,83.763617
89.000000,79.333990
89.000000,86.162672
96.000000,85.689524
107.000000,89.923979
104.000000,99.980609
106.000000,94.794906
113.000000,100.262845
106.000000,109.121651
106.000000,102.586801
106.000000,101.920580
106.000000,103.493559
102.000000,103.007281
102.000000,99.598474
101.000000,100.623810
87.000000,99.150899
92.000000,85.511366
85.000000,91.146401
85.000000,83.789527
80.000000,82.380558
90.000000,77.399760
86.000000,89.316114
85.000000,87.884289
88.000000,88.506914
90.000000,92.582985
94.000000,95.840887
86.000000,100.388581
91.000000,90.963526
91.000000,94.191565
85.000000,92.032155
85.000000,86.928850
87.000000,86.959656
100.000000,89.936271
90.000000,104.925738
78.000000,94.363327
73.000000,78.009866
67.000000,72.006961
64.000000,67.151365
76.000000,63.298528
80.000000,72.952496
93.000000,76.047395
115.000000,90.417224
107.000000,109.393020
106.000000,100.010280
110.000000,100.606803
141.000000,105.904557
147.000000,139.405192
139.000000,147.229098
143.000000,140.874504
150.000000,143.028550
152.000000,152.214141
166.000000,155.167105
209.000000,164.988504
197.000000,223.182371
173.000000,204.729191
158.000000,180.462449
144.000000,162.309992
175.000000,149.102301
177.000000,182.313771
169.000000,182.560679
141.000000,174.707129
126.000000,139.625100
119.000000,126.525280
115.000000,119.608445
111.000000,115.474991
102.000000,110.289398
128.000000,103.466444
136.000000,131.219409
130.000000,139.238528
127.000000,136.848988
134.000000,134.330828
140.000000,136.397109
145.000000,142.271022
158.000000,148.731815
174.000000,163.037168
159.000000,178.711717
97.000000,164.288216
81.000000,101.616715
89.000000,88.229608
110.000000,94.754184
97.000000,111.503174
93.000000,101.004104
92.000000,97.899602
67.000000,97.672352
55.000000,75.025606
51.000000,64.800382
48.000000,60.162876
51.000000,56.777610
45.000000,60.545634
43.000000,57.175895
48.000000,54.930364
49.000000,61.322935
48.000000,62.663758
45.000000,58.799423
50.000000,55.909350
53.000000,59.209377
69.000000,59.571131
71.000000,75.556495
64.000000,79.731876
73.000000,71.001861
76.000000,75.345307
79.000000,76.219636
81.000000,77.906707
83.000000,81.562454
73.000000,82.311081
82.000000,71.459383
87.000000,77.544477
93.000000,75.607423
92.000000,80.774253
93.000000,82.949536
90.000000,85.936652
93.000000,84.418366
86.000000,83.676269
82.000000,75.192500
85.000000,71.244621
91.000000,77.583901
99.000000,82.467817
120.000000,90.392825
113.000000,111.020581
104.000000,107.354759
103.000000,101.401063
68.000000,92.294510
56.000000,59.783070
58.000000,51.489141
51.000000,54.745513
39.000000,49.628511
33.000000,41.232337
37.000000,38.658254
42.000000,40.618827
30.000000,41.637594
48.000000,34.102067
51.000000,47.756576
58.000000,50.369066
41.000000,56.976318
43.000000,43.330416
40.000000,44.630782
37.000000,43.225790
34.000000,41.083712
32.000000,39.691765
36.000000,38.954073
37.000000,42.954398
39.000000,43.458190
50.000000,45.932882
55.000000,53.087295
59.000000,56.788025
62.000000,60.384941
55.000000,62.702379
62.000000,56.732396
52.000000,63.147431
48.000000,55.571074
47.000000,51.055885
51.000000,50.303192
49.000000,54.047915
41.000000,53.443090
39.000000,46.611633
46.000000,45.057718
40.000000,50.032648
35.000000,44.905530
42.000000,38.310326
36.000000,43.126646
36.000000,38.669517
30.000000,39.236971
29.000000,34.254785
28.000000,33.934400
27.000000,33.116379
28.000000,31.941672
32.000000,31.633020
32.000000,32.875538
37.000000,32.966497
39.000000,36.480668
29.000000,37.148342
41.000000,29.213480
44.000000,35.813768
34.000000,38.208102
32.000000,32.000641
37.000000,30.000724
36.000000,35.881843
42.000000,36.201608
36.000000,41.164928
33.000000,36.344554
36.000000,33.765437
38.000000,36.623902
39.000000,38.097335
37.000000,38.147653
38.000000,36.972198
40.000000,38.068594
41.000000,39.801167
44.000000,40.720557
47.000000,43.946570
60.000000,45.672251
69.000000,56.264970
86.000000,64.441024
72.000000,79.234364
67.000000,67.077968
41.000000,63.985578
50.000000,42.086708
46.000000,49.389737
44.000000,45.626754
51.000000,43.199079
49.000000,48.796381
47.000000,47.436324
43.000000,47.021047
39.000000,42.529169
37.000000,40.248050
45.000000,38.321240
43.000000,45.150930
38.000000,42.885628
37.000000,37.670732
36.000000,36.882781
35.000000,36.455501
29.000000,35.568655
30.000000,30.726101
32.000000,32.860817
31.000000,34.657079
51.000000,34.350217
58.000000,52.990149
68.000000,59.400053
67.000000,67.619487
67.000000,64.687480
56.000000,62.023700
57.000000,52.263875
54.000000,54.776132
58.000000,54.977309
81.000000,58.200272
85.000000,88.022233
86.000000,90.755253
93.000000,88.295709
91.000000,94.129320
81.000000,89.280631
74.000000,80.723173
71.000000,75.389909
61.000000,77.226875
57.000000,63.365238
49.000000,59.186389
39.000000,50.924753
40.000000,41.777198
40.000000,42.731292
49.000000,43.011543
49.000000,50.472086
53.000000,50.789200
58.000000,56.500203
61.000000,61.456052
71.000000,61.309338
94.000000,69.141193
74.000000,88.770368
72.000000,67.776824
75.000000,63.813578
73.000000,71.709366
57.000000,71.962640
37.000000,57.823219
54.000000,38.836696
47.000000,52.507042
40.000000,45.426789
43.000000,40.256572
36.000000,42.118726
40.000000,36.146195
36.000000,39.453300
36.000000,36.886288
35.000000,36.878503
42.000000,35.746359
37.000000,42.463927
40.000000,37.949906
36.000000,41.153138
34.000000,37.971926
35.000000,35.898189
22.000000,36.616596
22.000000,26.102844
32.000000,25.518437
41.000000,33.716417
34.000000,41.600506
30.000000,34.933650
24.000000,31.737500
24.000000,27.356087
29.000000,27.426794
32.000000,31.189733
39.000000,32.600909
34.000000,38.041689
49.000000,34.942667
53.000000,46.699741
44.000000,48.668118
40.000000,40.328572
34.000000,36.651539
30.000000,32.256647
31.000000,30.029106
31.000000,30.752277
24.000000,31.412301
28.000000,26.962293
24.000000,30.706775
24.000000,27.827933
24.000000,28.181102
31.000000,27.443311
37.000000,32.154896
39.000000,36.404790
45.000000,38.237988
42.000000,44.184801
43.000000,41.105802
45.000000,42.014498
53.000000,42.722450
56.000000,46.740711
58.000000,50.571529
49.000000,52.865019
48.000000,46.111480
44.000000,46.094538
45.000000,44.040530
42.000000,45.503958
41.000000,42.020386
43.000000,40.752171
41.000000,42.154452
39.000000,40.866025
43.000000,39.811687
42.000000,43.419025
39.000000,42.459997
38.000000,40.710118
25.000000,40.569554
25.000000,28.956066
37.000000,28.639245
32.000000,37.021032
27.000000,33.350631
41.000000,29.644859
44.000000,41.160719
43.000000,44.120625
39.000000,43.842460
31.000000,40.838560
47.000000,33.231241
42.000000,47.045902
46.000000,42.265363
46.000000,45.857351
46.000000,45.193284
47.000000,46.834102
44.000000,47.662569
47.000000,45.168389
43.000000,47.365439
45.000000,42.792837
47.000000,44.504895
46.000000,44.746415
53.000000,45.100563
52.000000,51.350745
60.000000,51.797782
49.000000,59.453189
67.000000,50.036918
62.000000,70.210952
60.000000,64.736969
71.000000,62.982118
67.000000,74.708994
65.000000,69.754428
73.000000,68.312159
66.000000,78.000395
81.000000,67.979519
71.000000,86.874024
69.000000,75.628316
66.000000,76.338451
60.000000,69.030046
66.000000,61.940322
65.000000,67.648296
64.000000,66.974121
67.000000,65.869897
62.000000,68.694012
63.000000,63.165320
64.000000,64.267779
67.000000,67.486487
91.000000,69.407284
106.000000,95.518153
80.000000,110.070472
63.000000,80.216328
67.000000,63.050052
51.000000,66.841427
43.000000,51.514863
41.000000,43.004608
45.000000,41.873586
42.000000,45.848541
49.000000,42.829044
59.000000,49.242069
57.000000,58.501801
59.000000,56.013922
57.000000,58.362313
56.000000,55.236730
50.000000,54.134382
56.000000,48.805156
54.000000,54.297385
52.000000,52.469461
54.000000,50.567224
61.000000,53.742114
66.000000,60.328373
75.000000,65.402183
74.000000,73.389053
65.000000,72.834319
68.000000,63.268935
119.000000,66.434066
90.000000,115.324215
74.500000,85.726710
59.000000,71.631347
43.000000,58.750101
31.000000,43.873586
34.000000,34.527781
55.000000,36.137717
71.000000,53.801600
82.000000,69.346035
81.000000,78.504403
82.000000,77.771468
82.000000,78.267091
65.000000,79.243942
58.000000,62.269690
47.000000,53.986855
44.000000,44.977322
46.000000,43.244221
49.000000,46.087010
52.000000,50.069894
77.000000,52.859446
83.000000,74.802937
60.000000,79.973057
45.000000,57.898726
50.000000,43.454975
58.000000,47.063601
50.000000,54.635861
52.000000,48.048769
55.000000,47.657338
49.000000,49.437018
49.000000,48.388865
43.000000,49.595328
49.000000,43.789470
45.000000,48.218803
40.000000,45.815674
42.000000,41.636629
31.000000,42.914434
31.000000,34.951365
28.000000,34.521350
29.000000,31.978543
32.000000,33.057145
29.000000,34.725352
34.000000,32.496308
36.000000,36.550481
40.000000,38.293290
48.000000,41.344473
48.000000,49.820118
48.000000,48.892186
52.000000,48.029861
49.000000,50.352074
50.000000,46.767828
41.000000,46.514206
39.000000,39.955368
36.000000,39.194505
29.000000,37.219755
34.000000,30.259645
41.000000,35.706250
40.000000,41.822004
39.000000,41.518887
34.000000,40.775339
34.000000,36.270607
35.000000,35.619568
36.000000,35.906699
38.000000,36.067130
35.000000,35.716114
33.000000,34.599055
29.000000,34.276000
29.000000,31.291414
27.000000,31.749363
32.000000,29.764097
25.000000,34.033532
32.000000,28.598847
36.000000,33.901709
37.000000,35.586140
24.000000,36.770186
32.000000,26.679613
29.000000,31.949245
31.000000,30.923604
40.000000,32.622682
37.000000,40.753078
53.000000,37.687399
52.000000,52.178359
46.000000,48.636571
40.000000,44.299987
34.000000,38.465672
38.000000,34.090930
32.000000,37.749163
31.000000,32.446480
35.000000,32.822230
34.000000,36.441338
39.000000,36.621675
34.000000,40.221274
35.000000,36.453957
35.000000,36.797989
46.000000,36.689964
42.000000,47.124603
39.000000,43.286852
31.000000,41.034259
21.000000,33.792890
34.000000,25.604078
42.000000,35.446866
41.000000,42.031925
50.000000,41.071199
49.000000,48.124557
53.000000,51.068116
47.000000,55.308868
44.000000,49.028901
41.000000,45.733023
41.000000,40.826869
40.000000,41.937532
50.000000,41.637153
47.000000,49.570569
45.000000,46.699169
53.000000,47.244802
49.000000,56.772840
51.000000,52.153012
66.000000,52.637324
56.000000,67.163591
71.000000,56.459680
64.000000,74.665846
65.000000,67.368598
69.000000,68.776423
89.000000,72.312346
92.000000,96.155274
68.000000,104.179679
48.000000,74.252708
42.000000,51.067952
52.000000,44.625017
62.000000,54.568620
61.000000,65.431629
64.000000,63.547173
78.000000,66.214833
100.000000,78.383726
85.000000,102.843293
50.000000,93.130036
65.000000,52.133349
52.000000,68.888342
46.000000,53.750513
32.000000,47.459425
33.000000,34.767732
38.000000,35.767344
37.000000,39.768713
40.000000,39.248094
23.000000,41.262279
18.000000,26.171868
29.000000,23.073962
25.000000,31.345262
24.000000,27.853346
25.000000,26.595374
21.000000,27.135565
26.000000,24.142526
17.000000,28.339290
35.000000,21.546272
32.000000,35.156381
35.000000,32.924162
36.000000,35.191064
38.000000,35.220878
36.000000,36.269418
38.000000,34.603708
39.000000,35.762195
38.000000,37.271012
34.000000,35.867220
27.000000,34.564081
25.000000,28.681940
19.000000,27.690374
29.000000,22.255995
40.000000,30.377002
20.000000,39.623430
35.000000,23.206534
31.000000,35.415799
33.000000,31.265462
38.000000,33.518894
37.000000,37.549103
33.000000,36.433532
49.000000,33.036135
41.000000,48.437151
57.000000,41.628616
54.000000,50.818985
46.000000,48.587547
44.000000,43.614469
37.000000,43.053909
47.000000,37.741338
43.000000,46.307623
44.000000,41.822637
47.000000,44.588458
47.000000,47.307633
48.000000,43.213855
53.000000,42.299268
62.000000,49.486292
57.000000,62.828607
69.000000,58.851393
63.000000,71.841612
49.000000,64.623908
56.000000,49.863784
69.000000,55.638107
62.000000,63.726070
60.000000,55.792282
58.000000,57.121434
68.000000,60.833207
70.000000,69.592919
68.000000,72.871243
65.000000,70.326626
53.000000,66.104468
53.000000,54.434402
59.000000,52.554483
53.000000,57.170308
49.000000,52.907221
50.000000,50.312731
45.000000,50.714226
40.000000,46.038799
39.000000,41.703757
43.000000,40.851667
34.000000,44.540104
39.000000,35.846717
29.000000,40.949474
19.000000,32.175868
23.000000,23.633640
25.000000,27.054143
24.000000,28.544484
22.000000,27.520210
23.000000,25.874870
24.000000,26.409261
23.000000,27.443479
34.000000,26.932725
43.000000,34.617110
37.000000,41.000661
22.000000,35.502969
17.000000,24.366330
18.000000,20.309515
21.000000,20.811218
20.000000,23.533818
23.000000,21.875846
25.000000,24.666003
25.000000,26.459408
27.000000,26.856026
38.000000,27.924102
44.000000,36.316807
57.000000,40.731336
55.000000,52.676027
29.000000,51.984467
38.000000,29.026857
63.000000,36.836030
52.000000,60.735563
62.000000,50.997307
58.000000,59.907953
61.000000,54.581269
67.000000,57.605617
89.000000,66.886623
80.000000,95.771222
73.000000,76.417166
65.000000,73.420885
62.000000,66.123645
65.000000,61.523011
54.000000,65.215696
41.000000,53.581503
38.000000,41.467735
43.000000,40.535031
44.000000,44.660082
40.000000,43.960494
52.000000,41.986181
48.000000,54.146942
52.000000,49.255066
55.000000,52.593028
62.000000,54.469102
69.000000,60.715513
85.000000,66.651531
62.000000,81.658512
64.000000,60.529324
78.000000,63.405533
67.000000,77.368104
58.000000,67.571033
50.000000,57.254370
49.000000,49.795711
47.000000,48.439544
45.000000,46.392447
67.000000,45.228293
67.000000,63.650627
72.000000,64.736602
74.000000,70.528477
75.000000,72.454109
51.000000,73.202599
35.000000,51.478386
28.000000,37.750256
29.000000,31.807188
26.000000,32.510029
26.000000,29.980705
24.000000,30.368081
31.000000,29.467351
32.000000,34.700189
40.000000,35.841528
39.000000,41.048809
43.000000,38.819873
42.000000,41.041600
45.000000,40.741669
49.000000,44.080698
46.000000,47.381558
49.000000,43.216072
40.000000,46.424440
35.000000,38.927425
28.000000,35.232995
33.000000,28.566497
30.000000,31.909611
28.000000,28.757446
30.000000,27.431444
27.000000,29.488029
34.000000,27.788323
30.000000,33.459316
28.000000,30.037660
33.000000,29.129769
30.000000,33.005729
30.000000,31.018721
23.000000,30.786557
26.000000,24.869853
26.000000,27.625358
23.000000,27.909424
24.000000,26.026478
30.000000,26.313619
31.000000,30.990274
33.000000,31.767861
38.000000,33.019741
36.000000,35.206390
37.000000,34.133314
34.000000,35.580024
31.000000,33.216939
37.000000,31.380568
28.000000,36.646369
27.000000,30.442731
24.000000,29.811348
25.000000,27.135142
25.000000,27.987060
23.000000,26.916945
20.000000,25.693137
17.000000,23.454139
25.000000,21.166972
18.000000,27.333814
21.000000,22.811319
30.000000,25.002842
28.000000,31.663432
27.000000,30.080289
38.000000,29.488874
24.000000,37.867268
23.000000,27.214982
29.000000,26.163750
24.000000,31.035157
34.000000,26.857700
33.000000,34.917106
34.000000,34.341768
38.000000,34.541929
33.000000,37.764957
41.000000,34.124968
34.000000,39.111408
31.000000,33.715861
35.000000,32.183746
37.000000,35.471838
40.000000,37.960545
50.000000,40.589236
55.000000,48.085755
50.000000,54.581241
45.000000,49.985492
25.000000,43.908776
31.000000,27.740182
41.000000,32.682189
36.000000,42.330369
39.000000,38.079270
33.000000,40.620071
35.000000,35.636075
41.000000,36.751299
38.000000,41.535870
36.000000,38.625401
35.000000,35.738262
37.000000,35.453481
37.000000,39.073222
41.000000,38.654046
39.000000,42.924973
39.000000,40.710769
39.000000,40.103026
46.000000,40.816252
47.000000,46.660341
51.000000,46.899494
53.000000,52.489973
50.000000,54.265629
47.000000,50.410646
35.000000,48.149416
26.000000,35.801105
32.000000,27.944234
40.000000,33.582858
48.000000,40.238223
41.000000,48.543412
33.000000,42.536829
36.000000,34.413026
34.000000,37.525886
36.000000,35.771916
38.000000,36.766214
41.000000,37.194947
43.000000,40.569224
40.000000,43.020235
37.000000,40.555518
40.000000,38.264431
44.000000,39.937432
36.000000,44.766787
35.000000,37.038637
38.000000,36.233644
37.000000,38.098756
40.000000,37.993192
35.000000,40.332470
48.000000,35.042774
40.000000,47.622891
34.000000,39.247075
41.000000,34.800544
47.000000,40.882700
39.000000,47.648591
41.000000,40.157477
41.000000,42.188292
44.000000,41.158940
44.000000,42.437854
41.000000,44.360353
52.000000,40.568468
50.000000,51.682553
62.000000,50.996027
58.000000,64.574241
51.000000,59.298175
47.000000,52.654756
31.000000,47.068428
34.000000,31.860419
34.000000,35.718772
33.000000,35.025897
33.000000,34.911114
32.000000,35.829264
31.000000,35.125215
29.000000,33.786901
33.000000,32.294272
41.000000,35.449614
44.000000,41.436146
49.000000,44.251602
41.000000,49.998162
35.000000,42.683288
34.000000,37.081096
38.000000,35.913430
37.000000,39.857957
31.000000,38.835068
45.000000,33.690030
41.000000,45.432759
40.000000,41.757206
42.000000,42.014857
40.000000,42.830643
37.000000,40.830567
37.000000,36.961353
42.000000,37.373811
46.000000,42.499238
46.000000,46.443997
38.000000,48.100836
38.000000,40.037039
43.000000,40.398120
45.000000,44.694560
56.000000,46.686703
53.000000,56.200089
49.000000,53.744441
31.000000,51.041396
26.000000,33.924008
34.000000,30.098629
30.000000,36.430594
28.000000,32.674149
30.000000,31.541786
17.000000,33.413690
30.000000,22.352001
34.000000,32.716869
36.000000,36.797215
38.000000,38.384731
35.000000,39.105846
35.000000,36.752687
38.000000,36.101653
37.000000,38.873085
39.000000,38.464030
39.000000,38.570397
39.000000,39.987354
42.000000,40.652034
45.000000,43.306432
48.000000,45.401646
46.000000,49.305943
44.000000,47.045889
50.000000,44.818586
52.000000,50.501793
40.000000,49.628899
48.000000,40.452265
50.000000,48.511236
59.000000,52.312709
86.000000,62.723432
100.000000,98.620046
94.000000,117.773386
79.000000,106.026696
62.000000,87.506588
62.000000,64.064102
72.000000,64.096581
65.000000,77.258016
60.000000,70.312904
56.000000,65.035064
44.000000,58.269184
48.000000,45.210818
46.000000,49.402928
44.000000,48.765314
41.000000,46.451073
43.000000,43.802187
44.000000,45.826073
39.000000,46.762518
51.000000,41.024651
53.000000,51.211958
51.000000,51.101056
50.000000,49.918914
43.000000,49.940866
45.000000,42.393506
44.000000,45.944882
45.000000,44.479267
54.000000,45.868449
39.000000,53.774885
38.000000,39.091166
41.000000,37.936471
40.000000,40.453579
43.000000,39.831018
45.000000,42.702208
42.000000,45.040531
44.000000,41.566490
41.000000,43.641698
46.000000,41.855939
66.000000,45.233684
77.000000,62.770750
62.000000,73.652075
37.000000,60.527340
25.000000,37.750942
39.000000,28.179159
44.000000,39.782193
41.000000,44.537763
38.000000,42.104258
31.000000,38.755717
33.000000,33.626873
39.000000,35.941424
41.000000,40.428704
46.000000,41.471138
43.000000,46.060557
44.000000,43.827362
35.000000,44.648871
33.000000,35.657324
36.000000,32.850105
39.000000,33.633628
35.000000,36.561553
30.000000,35.070566
35.000000,31.136681
37.000000,35.650367
39.000000,37.617465
39.000000,39.861781
38.000000,38.924217
46.000000,37.103440
34.000000,42.657128
25.000000,33.652101
39.000000,27.401024
35.000000,39.056526
44.000000,36.800299
37.000000,44.314101
44.000000,38.453692
37.000000,44.777815
35.000000,37.039922
34.000000,35.091401
31.000000,34.098723
31.000000,31.818895
36.000000,33.472633
37.000000,37.308315
37.000000,38.612647
36.000000,38.570726
41.000000,38.353234
32.000000,42.102682
34.000000,34.573529
32.000000,35.974379
31.000000,33.968062
23.000000,33.697071
30.000000,26.696804
36.000000,33.052654
36.000000,38.164216
27.000000,38.217915
30.000000,30.031848
26.000000,30.484801
26.000000,27.552412
23.000000,28.319908
24.000000,26.671211
37.000000,27.229509
36.000000,37.897837
41.000000,37.845591
46.000000,41.930377
46.000000,47.066385
41.000000,45.978769
41.000000,40.746967
40.000000,41.699914
44.000000,40.781400
40.000000,43.704155
42.000000,41.697577
44.000000,44.196995
43.000000,46.310081
41.000000,44.534678
42.000000,42.288018
31.000000,41.974045
23.000000,33.157000
29.000000,26.797273
37.000000,31.759522
59.000000,39.756123
46.000000,63.260325
37.000000,48.589000
36.000000,40.153131
40.000000,38.804568
37.000000,42.071174
36.000000,38.987572
43.000000,37.440373
36.000000,44.155723
37.000000,38.573662
30.000000,40.432821
27.000000,33.297522
29.000000,30.087172
26.000000,31.177905
27.000000,28.904390
25.000000,29.486185
27.000000,27.707715
29.000000,29.491732
39.000000,31.812822
38.000000,41.273590
37.000000,39.281105
26.000000,37.404162
23.000000,28.289748
27.000000,25.774583
33.000000,28.893235
30.000000,33.942841
33.000000,31.713969
37.000000,34.784665
37.000000,37.926890
35.000000,38.266218
30.000000,36.421782
33.000000,31.717679
41.000000,33.468328
35.000000,40.346284
41.000000,35.780787
39.000000,40.691000
36.000000,40.405803
35.000000,37.308060
40.000000,37.361512
33.000000,41.958845
26.000000,34.306001
34.000000,28.150173
39.000000,35.208803
37.000000,39.911883
43.000000,38.017622
42.000000,45.220370
40.000000,43.149563
38.000000,41.824197
40.000000,40.159413
33.000000,41.391963
40.000000,34.370234
43.000000,41.527641
39.000000,43.696946
27.000000,39.947518
23.000000,30.376775
24.000000,26.534670
28.000000,27.554729
24.000000,30.726965
30.000000,27.498764
32.000000,31.520156
29.000000,33.593557
35.000000,30.952943
26.000000,35.768220
38.000000,28.588861
27.000000,38.665032
31.000000,29.610779
25.000000,32.883957
23.000000,27.754103
38.000000,26.110112
38.000000,39.013312
34.000000,38.370753
48.000000,35.490008
55.000000,47.566883
37.000000,55.397142
36.000000,37.672282
35.000000,37.147644
35.000000,35.348229
38.000000,35.643626
46.000000,39.086086
57.000000,45.571711
63.000000,57.839802
61.000000,66.503530
58.000000,66.420519
51.000000,61.110782
56.000000,52.884936
59.000000,56.926156
59.000000,59.833928
57.000000,62.177175
61.000000,59.484128
61.000000,65.086812
60.000000,66.660028
64.000000,63.335434
80.000000,69.656484
74.000000,90.725728
71.000000,81.206729
68.000000,75.579207
65.000000,72.390872
62.000000,69.538078
63.000000,65.992657
68.000000,65.322486
60.000000,70.190687
60.000000,64.337376
68.000000,62.586376
88.000000,71.065569
79.000000,93.354708
80.000000,84.781862
82.000000,85.711751
78.000000,84.779141
71.000000,77.213282
66.000000,70.971909
77.000000,66.458213
81.000000,77.984743
78.000000,79.925838
79.000000,74.729935
77.000000,79.367519
101.000000,77.307599
112.000000,100.977363
95.000000,112.518733
84.000000,95.121068
95.000000,83.301090
108.000000,92.233018
95.000000,104.682155
108.000000,90.814363
107.000000,105.667607
131.000000,106.028354
139.000000,131.049873
139.000000,138.909785
142.000000,137.185130
141.000000,142.619487
132.000000,141.513860
126.000000,132.576930
122.000000,125.038470
122.000000,121.855358
115.000000,120.811546
143.000000,113.248661
129.000000,140.750243
124.000000,125.509533
120.000000,120.234374
122.000000,120.612279
122.000000,121.820446
127.000000,122.698370
127.000000,127.582719
138.000000,127.032934
118.000000,139.014224
118.000000,117.357166
120.000000,117.602260
130.000000,115.646657
130.000000,125.816251
128.000000,128.039834
141.000000,128.853297
152.000000,144.773059
147.000000,157.608339
134.000000,156.415583
130.000000,141.895898
132.000000,135.008881
127.000000,133.821773
122.000000,131.417685
138.000000,126.529961
158.000000,138.738582
140.000000,166.800115
133.000000,146.825311
131.000000,145.695347
131.000000,147.228922
154.000000,145.377837
169.000000,171.652011
183.000000,188.625071
169.000000,207.714323
165.000000,186.715608
161.000000,185.356298
154.000000,180.038826
159.000000,169.984063
146.000000,177.890539
137.000000,164.716976
137.000000,157.545378
141.000000,155.828693
154.000000,156.021510
149.000000,172.988756
141.000000,163.421101
136.000000,154.114089
135.000000,141.132639
143.000000,139.744302
151.000000,148.335086
156.000000,155.641515
152.000000,160.459937
145.000000,157.518246
139.000000,154.953632
129.000000,148.847654
123.000000,138.598620
134.000000,131.595414
129.000000,132.268525
129.000000,130.678357
125.000000,131.794201
122.000000,129.666891
121.000000,125.960472
123.000000,127.045378
148.000000,130.631689
164.000000,158.060515
156.000000,172.693008
163.000000,163.524908
171.000000,171.526187
167.000000,181.917267
158.000000,176.000686
160.000000,167.068257
159.000000,171.381381
166.000000,170.056204
169.000000,173.259406
162.000000,176.934277
148.000000,172.348828
156.000000,158.470009
145.000000,169.812610
151.000000,159.200474
163.000000,168.527690
150.000000,178.275180
163.000000,154.529830
149.000000,171.156218
128.000000,154.278659
122.000000,136.717484
127.000000,129.191574
123.000000,128.260102
127.000000,120.827245
133.000000,122.827646
109.000000,131.989927
133.000000,106.443403
153.000000,129.355988
140.000000,150.996243
152.000000,136.754829
157.000000,153.902166
156.000000,159.516948
160.000000,157.519498
180.000000,158.229650
164.000000,175.232566
149.000000,156.873415
135.000000,147.820062
128.000000,136.727877
135.000000,130.744403
146.000000,137.863043
179.000000,146.635066
167.000000,176.865606
144.000000,161.336892
123.000000,140.427628
125.000000,122.181062
96.000000,129.525316
73.000000,104.147999
81.000000,80.181465
93.000000,88.473386
79.000000,101.295646
71.000000,88.575110
72.000000,81.374396
74.000000,81.769091
76.000000,82.114606
65.000000,83.116312
68.000000,70.307092
74.000000,71.102258
68.000000,74.506225
66.000000,69.256204
67.000000,66.258064
70.000000,68.138877
66.000000,71.901511
77.000000,67.381526
77.000000,76.577306
94.000000,74.266091
100.000000,86.724161
85.000000,94.948454
74.000000,81.229395
90.000000,72.865664
72.000000,86.403118
38.000000,70.691790
27.000000,43.874546
37.000000,36.270595
38.000000,43.742027
49.000000,45.997500
54.000000,56.268657
66.000000,59.260689
53.000000,69.489182
39.000000,59.093674
35.000000,47.007575
37.000000,43.018354
39.000000,42.585906
39.000000,42.308877
44.000000,42.933971
57.000000,47.268823
76.000000,57.027172
69.000000,73.623841
51.000000,65.839818
46.000000,48.468362
36.000000,44.867996
33.000000,39.094463
30.000000,36.800037
37.000000,34.681226
38.000000,39.531685
45.000000,40.438628
50.000000,42.757508
54.000000,46.009454
56.000000,48.340499
65.000000,50.537918
59.000000,56.458407
50.000000,53.818293
47.000000,49.633724
49.000000,48.012479
45.000000,48.265619
39.000000,46.024823
46.000000,43.016815
37.000000,47.027598
32.000000,39.486021
39.000000,37.058113
40.000000,42.866315
48.000000,43.526461
52.000000,50.313132
56.000000,53.458204
56.000000,56.390285
67.000000,56.859254
65.000000,63.927054
79.000000,59.247287
66.000000,67.323086
57.000000,58.980650
54.000000,50.991099
50.000000,50.077154
54.000000,49.461112
57.000000,55.505784
59.000000,55.353091
60.000000,56.525915
63.000000,58.174756
70.000000,61.654603
65.000000,65.430954
72.000000,59.490320
69.000000,65.271005
70.000000,64.305403
63.000000,65.614313
65.000000,60.249962
61.000000,62.779711
77.000000,59.600830
101.000000,73.060598
104.000000,95.954680
89.000000,98.343142
74.000000,83.321710
69.000000,69.253748
71.000000,64.437215
45.000000,66.562845
42.000000,46.359719
37.000000,43.648171
34.000000,40.492743
49.000000,38.979047
56.000000,51.763528
47.000000,57.636369
40.000000,49.258261
41.000000,42.480975
39.000000,43.070065
37.000000,40.312648
36.000000,37.298102
41.000000,35.263951
43.000000,40.009112
49.000000,42.712517
49.000000,48.923454
43.000000,48.779620
39.000000,44.084950
37.000000,40.870359
45.000000,38.179841
46.000000,44.559310
39.000000,44.930893
50.000000,38.893827
52.000000,47.984537
42.000000,50.638177
44.000000,42.331561
59.000000,44.137406
53.000000,57.054078
49.000000,51.372308
50.000000,48.304536
53.000000,46.880682
55.000000,49.694714
59.000000,52.408828
58.000000,57.415911
56.000000,56.710979
56.000000,54.685090
51.000000,55.280022
50.000000,51.094350
45.000000,50.656781
43.000000,44.557420
48.000000,42.569205
51.000000,47.526717
56.000000,50.202525
60.000000,55.109514
64.000000,59.193623
61.000000,63.497006
54.000000,60.902486
52.000000,53.489811
55.000000,48.001261
50.000000,48.562055
47.000000,45.347165
42.000000,44.779899
38.000000,42.300257
32.000000,39.202168
42.000000,34.016393
41.000000,43.550343
41.000000,42.640119
45.000000,41.656104
39.000000,44.200126
35.000000,38.948039
46.000000,36.190662
49.000000,45.591779
45.000000,48.344495
48.000000,44.520339
42.000000,48.260261
46.000000,43.391655
57.000000,46.241836
56.000000,54.643913
57.000000,53.644453
68.000000,54.743509
83.000000,66.006362
72.000000,81.261219
70.000000,69.897925
69.000000,70.091975
65.000000,69.512373
58.000000,64.867991
63.000000,57.614790
60.000000,61.692545
74.000000,59.166535
72.000000,74.701787
65.000000,72.666860
60.000000,65.106072
61.000000,60.523606
62.000000,62.265532
63.000000,61.741390
62.000000,59.650924
59.000000,59.436937
58.000000,57.919727
62.000000,58.029619
74.000000,61.236831
87.000000,72.729052
115.000000,89.379275
95.000000,121.972272
81.000000,100.954881
92.000000,83.044390
105.000000,94.761435
73.000000,107.209574
58.000000,71.168409
37.000000,55.147653
43.000000,37.668621
46.000000,43.211140
63.000000,46.313474
62.000000,61.796135
62.000000,61.407812
54.000000,61.242754
56.000000,53.911954
53.000000,55.497739
43.000000,52.590784
41.000000,43.484022
47.000000,41.764372
47.000000,46.630191
49.000000,47.760904
57.000000,49.795533
61.000000,57.459534
76.000000,60.859318
70.000000,75.709237
67.400000,69.564996
64.800000,65.409376
62.200000,62.274460
59.600000,60.155146
57.000000,57.958552
57.000000,55.189498
52.000000,55.770105
75.000000,51.077078
73.000000,73.295876
64.000000,70.053230
57.000000,62.442560
58.000000,55.524203
62.000000,56.033053
57.000000,59.899690
60.000000,56.018406
59.000000,58.292291
65.000000,56.992767
64.000000,62.414572
60.000000,60.896258
61.000000,57.850431
65.000000,59.580606
65.000000,63.398496
70.000000,63.736968
63.000000,68.367534
65.000000,61.647856
79.000000,63.338239
85.000000,75.928220
69.000000,79.752045
59.000000,63.633089
52.000000,54.532394
51.000000,46.181355
61.000000,48.097020
76.000000,58.619038
92.000000,70.424786
92.000000,82.741458
91.000000,88.173503
91.000000,88.980240
91.000000,88.642309
89.000000,86.981311
90.000000,81.847580
87.000000,83.083083
86.000000,82.577547
80.000000,81.640755
72.000000,76.476170
85.000000,73.753410
103.000000,86.235725
92.000000,103.654677
88.000000,91.068937
84.000000,84.916320
78.000000,81.827777
84.000000,76.467169
84.000000,81.344683
74.000000,79.869759
108.000000,72.413969
84.000000,106.682752
87.000000,83.295059
91.000000,85.800513
87.000000,90.288387
90.000000,86.568341
94.000000,89.162389
100.000000,93.559033
98.000000,100.484083
102.000000,95.031181
106.000000,101.275003
104.000000,102.139157
102.000000,100.831074
105.000000,98.768055
119.000000,102.363011
108.000000,118.931743
99.000000,108.005769
109.000000,100.178281
120.000000,110.043448
101.000000,124.056802
55.000000,101.208931
52.000000,56.461524
61.000000,53.346730
48.000000,61.537472
64.000000,51.045716
55.000000,66.965572
51.000000,59.002805
59.000000,55.319866
65.000000,63.431037
75.000000,69.343255
75.000000,76.278628
80.000000,76.313508
76.000000,81.652302
78.000000,75.501289
73.000000,77.712664
67.000000,70.246792
60.000000,64.970966
64.000000,61.749989
69.000000,65.384615
75.000000,68.206460
82.000000,73.700554
98.000000,80.503995
111.000000,94.573633
76.000000,109.427857
44.000000,74.756961
39.000000,46.826499
40.000000,43.678616
36.000000,42.237693
36.000000,39.115548
39.000000,39.671759
42.000000,42.891897
41.000000,46.750408
52.000000,46.495744
42.000000,54.356534
36.000000,45.180796
36.000000,38.909465
31.000000,39.522040
29.000000,34.338028
27.000000,32.527937
32.000000,31.653116
27.000000,36.322974
25.000000,32.711472
29.000000,30.730852
31.000000,33.061210
34.000000,34.874253
30.000000,36.301171
41.000000,31.463206
43.000000,39.057764
44.000000,40.979767
44.000000,40.850039
44.000000,42.432833
38.000000,42.110797
44.000000,36.180697
50.000000,40.283105
28.000000,46.584585
45.000000,32.323693
58.000000,45.878267
63.000000,56.352957
68.000000,61.476721
55.000000,65.532632
59.000000,53.858862
52.000000,54.560614
56.000000,49.278183
50.000000,52.446159
49.000000,46.463686
51.000000,47.293522
48.000000,49.495759
56.000000,48.607371
62.000000,55.943161
58.000000,59.230617
63.000000,53.845443
52.000000,57.227956
61.000000,49.461153
50.000000,54.913900
73.000000,46.621296
79.000000,64.567410
104.000000,68.475096
68.000000,87.136630
52.000000,62.388968
52.000000,50.966762
61.000000,51.268426
87.000000,58.025779
83.000000,78.845079
82.000000,75.005607
78.000000,74.748705
89.000000,70.568180
94.000000,81.357154
84.000000,84.831186
81.000000,76.521501
81.000000,74.449932
77.000000,76.855388
74.000000,75.418143
88.000000,73.553516
105.000000,87.137777
126.000000,102.240862
135.000000,125.016230
105.000000,134.560191
64.000000,105.947670
82.000000,64.561341
74.000000,83.197969
39.000000,72.181278
23.000000,41.744117
58.000000,29.923366
66.000000,61.072774
66.000000,71.422420
85.000000,68.968683
63.000000,84.689929
42.000000,62.575402
39.000000,43.702757
44.000000,41.197129
39.000000,43.098644
42.000000,38.444763
35.000000,42.958130
38.000000,38.822730
48.000000,41.291456
57.000000,48.217857
57.000000,55.458018
59.000000,53.925281
53.000000,55.874233
34.000000,49.955712
39.000000,34.224361
57.000000,39.942430
51.000000,56.394356
42.000000,49.314543
60.000000,41.548604
53.000000,57.073303
40.000000,51.210042
38.000000,39.976663
44.000000,39.075918
49.000000,41.797737
58.000000,46.636211
57.000000,54.496210
42.000000,56.024119
42.000000,42.624491
50.000000,43.193617
58.000000,49.753461
60.000000,52.926158
61.000000,56.786511
53.000000,55.884611
47.000000,51.223820
45.000000,47.548177
44.000000,45.546761
44.000000,43.644776
27.000000,42.938276
25.000000,29.991656
25.000000,28.072951
36.000000,27.838841
36.000000,34.956135
39.000000,35.036579
48.000000,36.663014
49.000000,41.982043
45.000000,45.208135
56.000000,44.357764
51.000000,50.453639
46.000000,46.617519
44.000000,44.504213
45.000000,43.536969
39.000000,42.821391
43.000000,38.753231
45.000000,40.997039
44.000000,41.574683
39.000000,43.544498
30.000000,40.119486
34.000000,33.579479
31.000000,35.827808
37.000000,33.350557
41.000000,38.260611
36.000000,42.911675
34.000000,38.657954
36.000000,35.725346
38.000000,37.849180
30.000000,39.144099
42.000000,31.978900
45.000000,41.697916
57.000000,44.507555
47.000000,55.509188
59.000000,46.731140
53.000000,56.897114
62.000000,51.040454
55.000000,58.832575
51.000000,52.575370
46.000000,49.157133
47.000000,45.839587
54.000000,45.275604
45.000000,52.182544
44.000000,43.297348
40.000000,43.159295
41.000000,41.096023
41.000000,42.838620
31.000000,41.018218
28.000000,32.509715
23.000000,30.906813
13.000000,26.487814
9.000000,19.778643
6.000000,16.932133
3.000000,14.903679
10.000000,12.678350
6.000000,17.882182
5.000000,14.854777
4.000000,13.832723
4.000000,12.892832
4.000000,12.504005
7.000000,12.214747
3.000000,14.194590
1.000000,11.288892
3.000000,9.712089
1.000000,11.522553
2.000000,9.839349
5.000000,10.529569
3.000000,12.200004
3.000000,10.781659
5.000000,10.472956
10.000000,12.387605
11.000000,15.308999
15.000000,15.510824
14.000000,18.538039
22.000000,17.719509
16.000000,23.069231
10.000000,19.132843
10.000000,15.338556
14.000000,15.235125
12.000000,18.028739
14.000000,17.057666
13.000000,18.182341
20.000000,17.685598
26.000000,22.127181
21.000000,26.641660
20.000000,22.781512
15.000000,21.921733
24.000000,18.474985
16.000000,24.849031
14.000000,19.350899
13.000000,18.210275
10.000000,17.507067
7.000000,15.724008
19.000000,13.869571
18.000000,21.665983
21.000000,20.724046
29.000000,22.171233
39.000000,28.640852
50.000000,34.921709
50.000000,43.414302
50.000000,43.788367
45.000000,43.458343
41.000000,39.228922
41.000000,37.625507
37.000000,36.877128
25.000000,33.603288
22.000000,26.336395
25.000000,24.254546
22.000000,26.436304
25.000000,24.607793
32.000000,26.463737
27.000000,30.773526
30.000000,27.963382
27.000000,29.751291
29.000000,27.588405
28.000000,28.755492
28.000000,28.171072
21.000000,28.272853
28.000000,23.668813
19.000000,28.652406
21.000000,22.214514
17.000000,23.393552
25.000000,20.508862
35.500000,25.834472
46.000000,33.325543
30.000000,40.598947
17.000000,28.543152
13.000000,19.656724
16.000000,17.219349
16.000000,18.776827
17.000000,18.667830
24.000000,19.125270
28.000000,23.757398
26.000000,27.170278
29.000000,25.736803
26.000000,26.941769
27.000000,24.508989
26.000000,24.824536
25.000000,23.917196
28.000000,23.555017
27.000000,25.220978
32.000000,24.892317
38.000000,29.189519
37.000000,33.746605
38.000000,32.899514
33.000000,33.412335
31.000000,29.695833
34.000000,28.543446
41.000000,30.372203
28.000000,35.367404
24.000000,25.975935
20.000000,23.736427
20.000000,20.758306
21.000000,20.751747
13.000000,21.485410
20.000000,16.071655
21.000000,21.150824
24.000000,22.058319
26.000000,24.137108
35.000000,24.976631
37.000000,32.589267
34.000000,33.916391
33.000000,31.745291
32.000000,30.739696
38.000000,29.658223
35.000000,35.168108
40.000000,33.109526
39.000000,37.038930
46.000000,36.063448
49.000000,44.129339
54.000000,45.582737
52.000000,49.746637
50.000000,46.448453
33.000000,44.269236
37.000000,31.659022
44.000000,35.271836
40.000000,41.337479
51.000000,38.815410
43.000000,52.687536
38.000000,44.006885
42.000000,39.249510
41.000000,41.653040
43.000000,40.573146
54.000000,41.497992
44.000000,53.171250
40.000000,43.826871
43.000000,40.780196
35.000000,44.496129
40.000000,36.526214
40.000000,41.040494
48.000000,40.066238
47.000000,47.417913
47.000000,46.354455
46.000000,46.958686
47.000000,45.929246
54.000000,47.192861
52.000000,54.550359
40.000000,50.797329
46.000000,39.321724
49.000000,43.624802
52.000000,46.774414
44.000000,51.061452
36.000000,43.327407
45.000000,35.697362
45.000000,44.930851
48.000000,45.570038
49.000000,48.699170
40.000000,48.600317
37.000000,39.186564
40.000000,36.750740
41.000000,39.648097
41.000000,39.819382
50.000000,39.916968
53.000000,50.133112
36.000000,53.477106
41.000000,37.785301
38.000000,41.969354
40.000000,38.195966
51.000000,38.966839
65.000000,49.694675
81.000000,63.166607
74.000000,82.582759
72.000000,76.771870
70.000000,73.261763
50.000000,71.322154
50.000000,51.180657
50.000000,50.133245
71.000000,48.566564
67.000000,71.490233
69.000000,68.077392
69.000000,71.275686
73.000000,70.353027
73.000000,73.843627
72.000000,72.925037
67.000000,73.337832
61.000000,68.904735
59.000000,60.605172
62.000000,59.417498
65.000000,62.655523
65.000000,65.276745
60.000000,64.956680
52.000000,59.910996
37.000000,53.070234
34.000000,38.861637
40.000000,36.581402
37.000000,41.275047
31.000000,38.459895
25.000000,32.947136
32.000000,28.124155
32.000000,33.906330
28.000000,34.181121
27.000000,30.817915
27.000000,30.184069
31.000000,29.946799
31.000000,33.500106
29.000000,32.035924
29.000000,30.535309
33.000000,30.487756
28.000000,33.887720
31.000000,30.400724
32.000000,31.654448
32.000000,32.334141
57.000000,32.687549
60.000000,55.631241
53.000000,57.334682
42.000000,51.182865
39.000000,41.387451
44.000000,38.737750
50.000000,42.869456
59.000000,48.267072
63.000000,56.914647
40.000000,61.757548
43.000000,41.673872
44.000000,44.084620
41.000000,44.017119
33.000000,39.561164
23.000000,33.550510
28.000000,26.146992
33.000000,30.224437
35.000000,35.476102
33.000000,37.568148
31.000000,35.766860
30.000000,33.384768
34.000000,32.392320
40.000000,34.302765
42.000000,39.345124
53.000000,40.283831
55.000000,50.926431
51.000000,56.157510
43.000000,52.230404
36.000000,42.511927
43.000000,35.742829
50.000000,41.334001
52.000000,46.232049
46.000000,49.509112
42.000000,43.740022
44.000000,40.850810
36.000000,43.526176
32.666667,36.651057
29.333333,34.242290
26.000000,31.203759
26.000000,29.224560
22.000000,29.789069
27.000000,27.091514
27.000000,30.578541
28.000000,30.509398
32.000000,31.131533
32.000000,33.870381
30.000000,34.530290
33.000000,32.731833
38.000000,35.039624
28.000000,38.702698
32.000000,30.621132
37.000000,34.009656
38.000000,37.958938
38.000000,38.941835
40.000000,39.041926
44.000000,40.818002
51.000000,43.326982
50.000000,49.899105
66.000000,48.861367
79.000000,62.711529
77.000000,76.376297
88.000000,74.910012
83.000000,85.310207
61.000000,82.882907
64.000000,62.099632
60.000000,65.989109
54.000000,61.468324
55.000000,54.348274
60.000000,55.327063
60.000000,60.221291
58.000000,60.935427
62.000000,57.822785
67.000000,61.947697
61.000000,71.402483
62.000000,64.233565
62.000000,65.463269
67.000000,65.166825
44.000000,71.721850
39.000000,44.969136
37.000000,40.281834
38.000000,37.867571
26.000000,38.985059
34.000000,30.306427
35.000000,36.965558
49.000000,37.352692
51.000000,50.605134
67.000000,50.136387
70.000000,62.968394
71.000000,66.265590
71.000000,65.438827
72.000000,66.945070
60.000000,69.629462
65.000000,58.182993
66.000000,63.760353
69.000000,66.895278
66.000000,67.137999
71.000000,63.068900
84.000000,68.479191
96.000000,80.677737
111.000000,92.614660
76.000000,108.245645
65.000000,74.494843
59.000000,63.753333
66.000000,58.814331
59.000000,65.601512
59.000000,59.385576
60.000000,60.002897
50.000000,61.469943
50.000000,52.241162
61.000000,51.022231
53.000000,61.389267
51.000000,53.493764
47.000000,51.516037
43.000000,46.721338
36.000000,42.126474
34.000000,36.471803
33.000000,34.466047
41.000000,33.486234
43.000000,40.298640
50.000000,42.626390
43.000000,48.611281
53.000000,42.874483
43.000000,50.598396
53.000000,41.093612
48.000000,48.619035
52.000000,44.114591
48.000000,46.816199
56.000000,43.199789
71.000000,51.583686
77.000000,66.494187
85.000000,73.767176
68.000000,78.312366
73.000000,64.034512
49.000000,69.647398
36.000000,48.128190
26.000000,37.591444
30.000000,29.751059
28.000000,32.926169
28.000000,32.312075
25.000000,32.051194
20.000000,30.200232
32.000000,25.306968
38.000000,35.110549
53.000000,39.339467
56.000000,51.428883
65.000000,53.004267
80.000000,62.877719
86.000000,76.625511
84.000000,82.543143
79.000000,77.749550
81.000000,72.783381
97.000000,74.701559
90.000000,86.872295
83.000000,78.922398
89.000000,70.810890
108.000000,84.556803
113.000000,102.289768
123.000000,106.703822
121.000000,114.474275
117.000000,111.544566
120.000000,107.133460
112.000000,108.701537
92.000000,101.855242
76.000000,81.219067
74.000000,72.012737
73.000000,71.294859
76.000000,71.110625
77.000000,75.440097
75.000000,75.153823
72.000000,75.302177
69.000000,71.286978
51.000000,68.317381
47.000000,50.663077
59.000000,47.825306
58.000000,58.533164
57.000000,58.850080
38.000000,58.167933
25.000000,41.758195
41.000000,31.564943
29.000000,44.161239
42.000000,34.019792
43.000000,43.352339
38.000000,42.988814
37.000000,38.815157
40.000000,37.611678
38.000000,39.784594
35.000000,37.357772
36.000000,34.856110
34.000000,37.937362
35.000000,36.537639
35.000000,38.103971
35.000000,38.075767
44.000000,38.716797
39.000000,46.543980
29.000000,42.712849
26.000000,32.878996
31.000000,29.700119
28.000000,34.160129
34.000000,30.190299
33.000000,34.933751
40.000000,34.338345
36.000000,40.147276
34.000000,36.978296
29.000000,35.942804
31.000000,30.643122
30.000000,31.995424
28.000000,30.678679
30.000000,28.882275
26.000000,30.529509
28.000000,27.416175
24.000000,28.797187
22.000000,25.813258
27.000000,24.378248
22.000000,26.639494
25.000000,23.803353
27.000000,25.368150
32.000000,26.560527
35.000000,30.570309
36.000000,33.284452
35.250000,34.275313
34.500000,33.650043
33.750000,32.801072
33.000000,31.111966
32.250000,30.448386
31.500000,30.696804
30.750000,30.096416
30.000000,31.162602
28.000000,31.220696
29.000000,29.478557
30.000000,30.210110
27.000000,30.745514
32.000000,28.863028
31.000000,32.600331
37.000000,32.062121
34.000000,36.608613
32.000000,34.703248
33.000000,33.474495
32.000000,34.506494
38.000000,34.142005
37.000000,38.276805
39.000000,36.817534
44.000000,38.266852
41.000000,42.347707
41.000000,40.132835
36.000000,40.622312
36.000000,36.419193
35.000000,36.335290
35.000000,34.985834
38.000000,35.289421
40.000000,37.311707
55.000000,38.810793
63.000000,50.528247
60.000000,57.413574
56.000000,57.597595
44.000000,55.486340
43.000000,44.377143
34.000000,43.261206
28.000000,35.436983
27.000000,30.317994
35.000000,28.969605
49.000000,37.162496
60.000000,49.326369
75.000000,64.487854
83.000000,82.747256
89.000000,90.602078
103.000000,96.794316
133.000000,110.061915
250.000000,139.252101
373.000000,233.333946
469.000000,392.238555
542.000000,524.514643
538.000000,614.727374
435.000000,609.102419
459.000000,476.906097
561.000000,513.387555
525.000000,642.420407
502.000000,595.743119
475.000000,555.571107
463.000000,464.770714
478.000000,380.177980
473.000000,328.121034
438.000000,325.734152
412.000000,384.685198
404.000000,338.472306
416.000000,254.293354
384.000000,290.188939
270.000000,264.111661
223.000000,161.789856
136.000000,109.741869
103.000000,54.607916
108.000000,44.498274
90.000000,62.700257
49.000000,53.914206
34.000000,29.423030
34.000000,27.322987
29.000000,28.679195
23.000000,28.009539
30.000000,23.801476
41.000000,21.612338
97.000000,24.772908
110.000000,55.648499
117.000000,61.373076
128.000000,49.228026
153.000000,57.217079
164.000000,77.352072
179.000000,94.976710
204.000000,97.950336
201.000000,99.685313
158.000000,103.721523
130.000000,111.737368
149.000000,94.138499
150.000000,90.567397
139.000000,99.205439
176.000000,109.449528
171.000000,161.686407
175.000000,147.282649
200.000000,131.870369
198.000000,152.337351
148.000000,191.949383
175.000000,139.392346
227.000000,137.557803
196.000000,182.551202
136.000000,132.123240
78.000000,72.730890
66.000000,33.539950
59.000000,21.576952
51.000000,20.286733
44.000000,29.431966
46.000000,24.983308
39.000000,17.051938
41.000000,17.611301
46.000000,17.982860
45.000000,17.301384
35.000000,13.552858
38.000000,8.780691
34.000000,8.968989
28.000000,13.649100
28.000000,12.917310
31.000000,9.398957
31.535714,9.865889
32.071429,10.969876
32.607143,13.654990
33.142857,12.670723
33.678571,11.759323
34.214286,12.964546
34.750000,19.731408
35.285714,20.507391
35.821429,16.915268
36.357143,18.664549
36.892857,21.943972
37.428571,27.495876
37.964286,26.457351
38.500000,23.932303
39.035714,24.956919
39.571429,30.028180
40.107143,29.095070
40.642857,24.951570
41.178571,26.172329
41.714286,26.313993
42.250000,28.501349
42.785714,23.829291
43.321429,19.414456
43.857143,20.523006
44.392857,29.640857
44.928571,29.461483
45.464286,22.938553
46.000000,25.323584
54.000000,27.992323
45.000000,32.232677
41.000000,28.726619
49.000000,25.217032
38.000000,26.228446
41.000000,25.532645
45.000000,29.825595
40.000000,29.255562
38.000000,24.006733
38.000000,26.156065
41.000000,31.941857
51.000000,36.196898
66.000000,41.865061
76.000000,51.058957
75.000000,60.651296
81.000000,63.682844
75.000000,65.935232
66.000000,59.047520
61.000000,55.449330
54.000000,53.458711
63.000000,49.699351
45.000000,57.398885
44.000000,45.318461
41.000000,45.539713
39.000000,44.014783
44.000000,43.208582
48.000000,45.251867
45.000000,48.216006
39.000000,47.561150
33.000000,42.689723
30.000000,38.846612
30.000000,36.752685
34.000000,36.370316
36.000000,37.957595
36.000000,40.309203
33.000000,40.864123
38.000000,38.242739
37.000000,41.252359
35.000000,38.408405
49.000000,36.495956
56.000000,46.395991
54.000000,50.932114
47.000000,49.697184
48.000000,44.712690
50.000000,44.673283
51.000000,46.264316
48.000000,48.095475
41.000000,47.219861
41.000000,40.224915
41.000000,41.396413
40.000000,40.864717
37.000000,39.947085
33.000000,37.031998
41.000000,33.840951
47.000000,41.042404
47.000000,47.111383
47.000000,48.273171
45.000000,47.159866
41.000000,46.108423
42.000000,42.071730
37.000000,42.750694
35.000000,37.774733
39.000000,36.215376
33.000000,40.530119
28.000000,35.536539
29.000000,31.480715
33.000000,31.963302
35.000000,34.616511
39.000000,35.144126
44.000000,38.830486
38.000000,42.752567
38.000000,37.701008
40.000000,38.803991
45.000000,40.462292
35.000000,45.600214
48.000000,36.212956
43.000000,47.907876
49.000000,42.285454
71.000000,48.473003
61.000000,70.302030
54.000000,60.745874
53.000000,54.216872
44.000000,53.106220
41.000000,44.867250
50.000000,41.198597
43.000000,50.892556
41.000000,43.506671
39.000000,42.301160
36.000000,41.023662
37.000000,38.340842
32.000000,39.255032
34.000000,35.046047
33.000000,36.901190
31.000000,35.453753
22.000000,34.390068
26.000000,26.165572
22.000000,29.480850
20.000000,26.373617
26.000000,24.726608
38.000000,29.608698
48.000000,39.957093
50.000000,49.758071
54.000000,51.791091
60.000000,53.865889
55.000000,57.456588
48.000000,52.976307
45.000000,44.967909
38.000000,42.916755
41.000000,38.145405
38.000000,41.311797
37.000000,39.534596
41.000000,38.503356
38.000000,41.766312
51.000000,39.100725
55.000000,51.819119
59.000000,53.711174
59.000000,58.326127
63.000000,59.066327
42.000000,65.307673
29.000000,43.890932
30.000000,31.908173
25.000000,33.129222
37.000000,28.972922
63.000000,40.406902
64.000000,65.891988
58.000000,68.637214
64.000000,62.247148
60.000000,68.493513
57.000000,62.530481
52.000000,57.288309
52.000000,51.848745
50.000000,50.345180
51.000000,50.581477
48.000000,51.484886
51.000000,49.291227
48.000000,54.296910
49.000000,50.345747
56.000000,51.448507
60.000000,58.195775
60.000000,61.589174
57.000000,60.118729
60.000000,57.433550
65.000000,58.287793
70.000000,63.339935
63.000000,71.089642
62.000000,62.408190
68.000000,64.350089
75.000000,72.804965
84.000000,79.924121
90.000000,89.776185
81.000000,95.842214
65.000000,80.006143
58.000000,64.184107
58.000000,58.092726
59.000000,57.299415
53.000000,59.855882
51.000000,53.658324
55.000000,52.163390
52.000000,54.638638
58.000000,52.666669
56.000000,58.798492
48.000000,56.721362
43.000000,49.297969
53.000000,44.707181
68.000000,54.129842
73.000000,67.739150
104.000000,72.086832
104.000000,100.534170
101.000000,101.090929
101.000000,97.838001
99.000000,98.217342
103.000000,96.460423
100.000000,100.743863
106.000000,101.380238
127.000000,106.002251
124.000000,125.075451
128.000000,120.781223
127.000000,123.110908
124.000000,119.281943
113.000000,116.117805
108.000000,107.638734
126.000000,102.124753
139.000000,123.113860
124.000000,137.616342
113.000000,123.582613
121.000000,113.527549
114.000000,122.083756
122.000000,113.200107
123.000000,120.360331
136.000000,120.248211
144.000000,133.142157
135.000000,142.898566
141.000000,133.758326
137.000000,141.200797
125.000000,139.425262
130.000000,129.185904
131.000000,133.229757
126.000000,131.280604
101.000000,122.616539
72.000000,98.950172
61.000000,71.983448
61.000000,61.307816
68.000000,61.293377
73.000000,67.753944
74.000000,72.279394
78.000000,76.155030
82.000000,81.439631
86.000000,84.185942
92.000000,87.046911
115.000000,91.462155
128.000000,116.461432
94.000000,132.643227
80.000000,99.136875
108.000000,85.597448
75.000000,115.670642
51.000000,81.297374
47.000000,57.877107
59.000000,54.211843
67.000000,65.100414
69.000000,73.956646
70.000000,77.381204
85.000000,73.354101
85.000000,87.767032
71.000000,89.722085
72.000000,74.247036
70.000000,73.412688
68.000000,70.241881
69.000000,70.388266
67.000000,72.463884
73.000000,68.472413
76.000000,73.016747
71.000000,76.371039
79.000000,72.046946
84.000000,78.138768
90.000000,82.908188
80.000000,88.432602
68.000000,76.517091
68.000000,64.045650
70.000000,65.384097
76.000000,68.472441
91.000000,72.370954
92.000000,87.466454
114.000000,86.696253
103.000000,105.932465
102.000000,91.571071
119.000000,86.706235
124.000000,102.215931
95.000000,106.914121
84.000000,83.860556
83.000000,76.162110
92.000000,77.450105
87.000000,82.945198
83.000000,79.183305
87.000000,77.779409
92.000000,84.584640
106.000000,94.232285
124.000000,110.677364
111.000000,123.473564
82.000000,109.820081
71.000000,85.307753
90.000000,71.726182
68.000000,85.470092
50.000000,66.142922
39.000000,52.814502
44.000000,44.165058
66.000000,47.609469
66.000000,67.939065
62.000000,70.308973
67.000000,62.889092
74.000000,68.924381
82.000000,78.999933
83.000000,86.155963
73.000000,84.150200
74.000000,72.335636
75.000000,73.356639
74.000000,77.220280
66.000000,75.144783
57.000000,67.007364
53.000000,61.497180
58.000000,59.703481
77.000000,63.500348
91.000000,78.492694
89.000000,89.021759
107.000000,87.737894
90.000000,105.716780
73.000000,88.922483
78.000000,73.477017
72.000000,77.871038
73.000000,73.916432
78.000000,73.337565
65.000000,79.825418
46.000000,70.565958
51.000000,53.828546
44.000000,57.823293
52.000000,49.077301
47.000000,54.011930
52.000000,48.887274
49.000000,50.820698
55.000000,48.373423
62.000000,54.164708
64.000000,58.378565
67.000000,59.732971
60.000000,67.676613
58.000000,61.016767
63.000000,57.401136
81.000000,59.159598
78.000000,75.674560
74.000000,72.117942
84.000000,68.119897
83.000000,74.435740
82.000000,71.915262
81.000000,73.388101
52.000000,73.390774
43.000000,50.770165
45.000000,44.390005
48.000000,46.284867
49.000000,50.467932
53.000000,52.687008
55.000000,56.522195
47.000000,57.210773
50.000000,50.107552
55.000000,52.021508
61.000000,54.845024
62.000000,58.860188
58.000000,59.833876
61.000000,56.433845
69.000000,60.432153
66.000000,69.693546
65.000000,65.862541
78.000000,64.861963
77.000000,74.450524
77.000000,73.596756
55.000000,74.812350
79.000000,56.009575
67.000000,75.894054
62.000000,64.811188
48.000000,59.907012
40.000000,47.917703
37.000000,41.289714
34.000000,39.444975
34.000000,37.197448
44.000000,36.734286
53.000000,44.993469
52.000000,52.503570
46.000000,50.442058
26.000000,46.454287
26.000000,31.354284
38.000000,31.877574
38.000000,40.968677
16.000000,39.460446
16.000000,22.866450
21.000000,23.481788
18.000000,27.843994
20.000000,25.130941
22.000000,26.084756
22.000000,26.408915
23.000000,26.872108
12.000000,27.975085
14.000000,18.953863
16.000000,19.368687
14.000000,20.524705
9.000000,19.836555
7.000000,16.880674
9.000000,15.261083
11.000000,16.110497
10.000000,17.822291
11.000000,16.772515
17.000000,17.309904
30.000000,21.474720
33.000000,31.150125
30.000000,33.521456
30.000000,31.399922
34.000000,31.393281
37.000000,33.326345
30.000000,35.915728
34.000000,30.946217
27.000000,33.416327
39.000000,28.171295
43.000000,37.555876
51.000000,41.467907
61.000000,47.107274
47.000000,54.395348
55.000000,43.308431
37.000000,50.410549
25.000000,34.741012
31.000000,26.518659
37.000000,30.634001
49.000000,37.622657
48.000000,46.962731
54.000000,47.054408
48.000000,51.522989
52.000000,46.511969
57.000000,50.863139
60.000000,53.854034
57.000000,56.311877
67.000000,51.979460
66.000000,63.004155
76.000000,60.838247
68.000000,72.399167
49.000000,62.726510
53.000000,47.265825
49.000000,51.096504
45.000000,46.805172
49.000000,43.560519
60.000000,47.491592
82.000000,60.208008
110.000000,79.250238
104.000000,105.534023
93.000000,98.963238
84.000000,93.452771
79.000000,83.830622
84.000000,79.487662
73.000000,83.091969
83.000000,71.162431
81.000000,84.159478
83.000000,80.431334
80.000000,81.830806
84.000000,79.312569
75.000000,82.320692
75.000000,73.759915
70.000000,72.118291
77.000000,66.309594
79.000000,72.328481
79.000000,76.620185
76.000000,76.722361
75.000000,74.339694
89.000000,74.014372
87.000000,85.220579
87.000000,84.306226
96.000000,85.220993
107.000000,91.811490
105.000000,101.916840
107.000000,99.369036
107.000000,101.871379
109.000000,100.436523
122.000000,101.346533
129.000000,113.806050
122.000000,121.046469
127.000000,117.276234
118.000000,121.773976
101.000000,111.996441
96.000000,97.287156
96.000000,92.779674
97.000000,94.878653
97.000000,93.735336
73.000000,92.986634
61.000000,70.291962
57.000000,58.481780
68.000000,54.685556
64.000000,64.584580
62.000000,62.078056
68.000000,61.830015
73.000000,68.295987
83.000000,73.092196
68.000000,84.560313
54.000000,67.563164
64.000000,53.474123
53.000000,62.720755
57.000000,52.877084
49.000000,57.076179
54.000000,48.991012
52.000000,52.013293
54.000000,51.328814
56.000000,54.519902
60.000000,55.434293
60.000000,57.073673
60.000000,56.723070
59.000000,57.977459
65.000000,57.207363
70.000000,62.658273
82.000000,66.918503
78.000000,78.759901
74.000000,76.451086
70.000000,73.302118
75.000000,68.512178
85.000000,74.351934
93.000000,84.227537
90.000000,91.482197
64.000000,88.686003
50.000000,65.434825
38.000000,53.731645
26.000000,42.351768
28.000000,32.140305
37.000000,33.026008
38.000000,40.222583
36.000000,40.638748
37.000000,39.471890
54.000000,40.421943
62.000000,54.381104
64.000000,60.345809
62.000000,59.676467
59.000000,54.361740
53.000000,51.207112
57.000000,47.071863
61.000000,50.785648
60.000000,55.591299
63.000000,55.055772
68.000000,58.848032
69.000000,63.120328
69.000000,64.067861
71.000000,63.515168
88.000000,65.067957
90.000000,80.239557
81.000000,80.799630
78.000000,75.056026
76.000000,72.271655
86.000000,71.055852
84.000000,79.711352
76.000000,76.921001
76.000000,71.004652
75.000000,72.761391
70.000000,72.608371
64.000000,70.457843
60.000000,64.951701
67.000000,62.233754
68.000000,67.816303
66.000000,69.927824
64.000000,67.332819
67.000000,64.286315
70.000000,66.353936
73.000000,70.265696
85.000000,73.704283
73.000000,84.342655
85.000000,72.129548
70.000000,81.992401
68.000000,67.267430
71.000000,64.740554
75.000000,65.078925
66.000000,68.482301
59.000000,61.417703
67.000000,55.808789
76.000000,61.876809
67.000000,68.837265
53.000000,65.797863
55.000000,54.772209
50.000000,57.569024
44.000000,52.835949
41.000000,47.025809
52.000000,44.012994
45.000000,53.094822
42.000000,47.747175
39.000000,44.930582
46.000000,42.129139
45.000000,47.157229
38.000000,46.387055
36.000000,40.001750
29.000000,38.199088
44.000000,33.260588
53.000000,45.959392
71.000000,52.869552
72.000000,68.525040
65.000000,69.569930
55.000000,63.665582
65.000000,54.271454
64.000000,61.925110
61.000000,60.601651
46.000000,56.432841
49.000000,44.955518
74.000000,48.381136
77.000000,70.893333
81.000000,73.893665
83.000000,75.099698
78.000000,75.737801
68.000000,71.599721
61.000000,62.957712
57.000000,56.477744
54.000000,53.399628
55.000000,52.471268
56.000000,54.892994
65.000000,56.361543
55.000000,63.048831
51.000000,54.219743
53.000000,50.751288
50.000000,51.902635
58.000000,48.256070
60.000000,54.592982
59.000000,55.872488
53.000000,56.620346
73.000000,50.727430
103.000000,68.759948
98.000000,96.066243
86.000000,90.678065
87.000000,78.952750
96.000000,79.826229
88.000000,91.440054
91.000000,82.149445
86.000000,84.303795
91.000000,79.254622
91.000000,88.010984
84.000000,88.025722
79.000000,81.096688
59.000000,76.247489
52.000000,58.050007
54.000000,52.531822
56.000000,54.636290
60.000000,58.334455
64.000000,62.187932
63.000000,66.377022
64.000000,65.060241
66.000000,66.328062
73.000000,67.637113
66.000000,73.386992
56.000000,64.664644
53.000000,55.693302
47.000000,53.043689
50.000000,48.492339
57.000000,51.943659
54.000000,58.668392
55.000000,54.797927
53.000000,55.326413
51.000000,52.890925
54.000000,51.436281
55.000000,53.643307
46.000000,52.987084
30.000000,44.940599
27.000000,32.630822
28.000000,30.344959
31.000000,30.855810
26.000000,33.409440
22.000000,29.169666
18.000000,26.380274
27.000000,23.558351
18.000000,31.082065
15.000000,23.495883
16.000000,20.775589
16.000000,22.104269
21.000000,21.949144
14.000000,25.323062
10.000000,19.609123
18.500000,16.674881
27.000000,22.764544
27.000000,30.431605
30.000000,29.916777
21.000000,31.380629
20.000000,23.719214
20.000000,22.954572
26.000000,23.196841
23.000000,26.404024
26.000000,23.655210
24.000000,26.492035
23.000000,26.298530
26.000000,25.619478
29.000000,27.758596
27.000000,29.272674
29.000000,28.123875
32.000000,29.723471
35.000000,32.536418
40.000000,34.123792
37.000000,38.211733
38.000000,36.194839
42.000000,36.479898
51.000000,39.185292
52.000000,45.037677
58.000000,45.605494
74.000000,51.295301
77.000000,65.873535
86.000000,68.034186
82.000000,80.169388
75.000000,75.827384
78.000000,69.900077
77.000000,69.538246
75.000000,66.971287
75.000000,66.638222
72.000000,69.318497
74.000000,67.209932
80.000000,68.121266
90.000000,75.283520
84.000000,86.367226
75.000000,82.578601
55.000000,70.634222
40.000000,52.192338
45.000000,40.619405
53.000000,45.002538
73.000000,50.977401
84.000000,66.753419
70.000000,78.448196
72.000000,66.576820
58.000000,69.358035
59.000000,56.967805
66.000000,56.476779
71.000000,62.018345
69.000000,67.135089
68.000000,66.263724
66.000000,65.698359
67.000000,63.884856
68.000000,63.877155
64.000000,64.826948
69.000000,60.855964
71.000000,66.282403
74.000000,67.822583
75.000000,71.449433
83.000000,72.297585
75.000000,80.431095
64.000000,73.432127
59.000000,62.978002
54.000000,57.784623
49.000000,52.401926
44.000000,48.532477
35.000000,44.382215
29.000000,37.240448
32.000000,32.310431
42.000000,34.941028
42.000000,43.636926
51.000000,43.693194
58.000000,50.390834
56.000000,55.693171
57.000000,52.971698
56.000000,53.114365
50.000000,51.771581
45.000000,45.111539
38.000000,41.111549
30.000000,36.158837
29.000000,30.458278
24.000000,29.826470
24.000000,25.998160
16.000000,25.498572
9.000000,19.440884
15.000000,14.687573
9.000000,18.929150
10.000000,14.845484
8.000000,15.915105
12.000000,14.069445
10.000000,16.826515
17.000000,15.663934
20.000000,20.839025
23.000000,23.015430
10.000000,24.981097
5.000000,16.095289
8.000000,12.301542
6.000000,14.551342
11.000000,13.361709
13.000000,16.513953
9.000000,17.999532
16.000000,15.513022
23.000000,19.992744
25.000000,24.971014
30.000000,26.393817
35.000000,29.961715
35.000000,33.937294
45.000000,33.205481
50.000000,40.684439
54.000000,45.014889
50.000000,48.301466
43.000000,45.294916
36.000000,39.606286
36.000000,33.754525
49.000000,33.379194
34.000000,43.547195
49.000000,33.354817
60.000000,45.638380
50.000000,55.681515
49.000000,47.402507
47.000000,46.295305
44.000000,44.598456
40.000000,42.213014
41.000000,38.720846
42.000000,40.033657
42.000000,39.604553
48.000000,40.958978
49.000000,46.822608
55.000000,49.317666
57.000000,55.026071
49.000000,55.233528
54.000000,47.093230
39.000000,48.631787
36.000000,37.823121
39.000000,35.816988
36.000000,38.853553
27.000000,36.892650
26.000000,30.121172
38.000000,29.872243
40.000000,39.441926
53.000000,40.100110
48.000000,50.575146
56.000000,46.235546
55.000000,53.167019
47.000000,52.623430
39.000000,45.271173
40.000000,38.002901
39.000000,38.886111
43.000000,38.576798
40.000000,41.851237
43.000000,40.005986
46.000000,42.774475
51.000000,45.416036
52.000000,51.075077
52.000000,51.349827
49.000000,50.818808
42.000000,47.709677
46.000000,41.342170
44.000000,44.910329
53.000000,42.340951
55.000000,51.917057
50.000000,53.120502
66.000000,49.142640
62.000000,63.454683
62.000000,59.955393
74.000000,59.614210
58.000000,70.616956
24.000000,55.732880
20.000000,25.313605
28.000000,22.774760
28.000000,28.714707
23.000000,28.851583
23.000000,25.260927
18.000000,25.679546
19.000000,22.037200
16.000000,22.927293
20.000000,20.126176
22.000000,21.594051
28.000000,23.220262
30.000000,27.547405
28.000000,29.683208
30.000000,27.968847
24.000000,29.325901
28.000000,24.969048
30.000000,28.571358
27.000000,29.613020
28.000000,26.850701
23.000000,28.149056
27.000000,24.683996
37.000000,28.467982
37.000000,36.022809
30.000000,36.059741
28.000000,30.300517
29.000000,28.641106
27.000000,29.607497
24.000000,28.462423
21.000000,26.513573
22.000000,23.565596
21.000000,25.249265
25.000000,24.884057
16.000000,28.073755
14.000000,20.636770
21.000000,18.990372
21.000000,24.418568
27.000000,24.752527
27.000000,29.321812
21.000000,28.632691
23.000000,24.385175
11.000000,26.066766
20.000000,17.140535
7.000000,23.232590
11.000000,14.214910
18.000000,17.202373
61.000000,22.175520
59.000000,62.291441
18.000000,58.989903
12.000000,21.845991
7.000000,17.276379
14.000000,13.474315
7.000000,18.144065
12.000000,13.176990
9.000000,16.866379
10.000000,15.701737
10.000000,17.673165
7.000000,17.820825
11.000000,14.483624
8.000000,16.834074
4.000000,14.215990
7.000000,12.067365
11.000000,13.754693
13.000000,16.594027
24.000000,17.629901
29.000000,26.167195
39.000000,30.053315
38.000000,36.790339
38.000000,35.886708
41.000000,35.176830
43.000000,37.111242
37.000000,37.490422
35.000000,34.505301
35.000000,32.760248
38.000000,33.144703
47.000000,36.173536
51.000000,45.295487
46.000000,48.915169
42.000000,43.609797
41.000000,39.469709
45.000000,38.059511
48.000000,42.624846
48.000000,44.661365
50.000000,44.740036
52.000000,47.775790
50.000000,52.286877
51.000000,48.682831
45.000000,48.654658
44.000000,42.611795
38.000000,40.064019
43.000000,36.724391
58.000000,41.483297
67.000000,56.121746
62.000000,66.621598
78.000000,60.994882
81.000000,78.372655
72.000000,77.993109
58.000000,67.379127
56.000000,51.864657
47.000000,51.879223
39.000000,44.494473
33.000000,38.675919
24.000000,33.262233
20.000000,26.270953
21.000000,23.959669
12.000000,24.625822
24.000000,17.523476
42.000000,25.479697
47.000000,40.052626
74.000000,44.232910
77.000000,70.506354
80.000000,71.970704
79.000000,73.954427
73.000000,72.063493
51.000000,65.739081
39.000000,45.858591
32.000000,36.107849
15.000000,31.988986
14.000000,19.080865
34.000000,19.693513
30.000000,34.624188
28.000000,30.449140
36.000000,28.815021
52.000000,34.128152
53.000000,45.655606
65.000000,45.711163
83.000000,58.419460
69.000000,74.936017
78.000000,64.404824
122.000000,75.467502
178.000000,113.720847
250.000000,162.117468
250.000000,242.006435
209.000000,240.045416
198.000000,189.324208
174.000000,180.267266
162.000000,156.286843
157.000000,148.131439
163.000000,146.580903
188.000000,148.249002
229.000000,178.088678
305.000000,219.476141
336.000000,304.650968
329.000000,348.045716
304.000000,351.900108
323.000000,314.289904
368.000000,341.795588
408.000000,404.659525
424.000000,461.330508
441.000000,463.237777
443.000000,453.537879
458.000000,421.235248
449.000000,447.256798
444.000000,456.147809
456.000000,468.407332
457.000000,494.054652
401.000000,486.013507
370.000000,399.237538
248.000000,343.609181
181.000000,191.739513
167.000000,125.341506
153.000000,108.090928
151.000000,101.341053
136.000000,104.066818
118.000000,86.244888
145.000000,74.137763
158.000000,94.363773
145.000000,105.394014
141.000000,105.284161
147.000000,101.749186
169.000000,100.370511
174.000000,120.855038
196.000000,134.990835
220.000000,142.501602
226.000000,149.726713
198.000000,171.632741
199.000000,161.953272
289.000000,188.169063
382.000000,288.975291
386.000000,380.420943
384.000000,389.682490
423.000000,383.643889
401.000000,413.179030
353.000000,359.537963
224.000000,307.813655
141.000000,171.035565
164.000000,102.895818
221.000000,117.289977
188.000000,154.611190
203.000000,135.798500
176.000000,156.600585
132.000000,127.429288
102.000000,97.193232
69.000000,83.945567
66.000000,63.861696
82.000000,54.741818
67.000000,49.266749
67.000000,36.199272
61.000000,37.380061
56.000000,38.375807
52.000000,32.349080
74.000000,28.096333
99.000000,33.522992
101.000000,42.537159
86.000000,37.714424
87.000000,27.297282
76.000000,21.827153
69.000000,21.512333
46.000000,22.026482
53.000000,15.414729
51.000000,15.629463
51.000000,19.176013
54.000000,22.918218
43.000000,29.884808
60.000000,27.320713
68.000000,27.949944
50.000000,32.658059
58.000000,29.336426
57.000000,29.030949
52.000000,28.407133
52.000000,29.081092
55.000000,30.023426
51.000000,34.732112
47.000000,35.435834
46.000000,32.714543
43.000000,32.654833
46.000000,32.452931
54.000000,29.839228
58.000000,29.428086
59.000000,32.411623
53.000000,34.883765
61.000000,36.296620
73.000000,32.182491
76.000000,26.080728
80.000000,26.454551
87.000000,28.337446
86.000000,23.895459
77.000000,22.501810
76.000000,24.256015
86.000000,34.395305
89.000000,47.441968
98.000000,42.087940
94.000000,31.681006
89.000000,32.666800
83.000000,30.198422
78.000000,25.598492
76.000000,27.430845
81.000000,36.541570
75.000000,55.866258
76.000000,67.773307
61.000000,60.905779
56.000000,44.685198
47.000000,43.600804
50.000000,38.296288
51.000000,36.972123
47.000000,40.834772
53.000000,41.420536
41.000000,50.939708
38.000000,44.774315
42.000000,42.448218
43.000000,41.495237
46.000000,43.397268
51.000000,43.455150
58.000000,46.325718
58.000000,51.938411
50.000000,54.303367
35.000000,53.098537
36.000000,40.482942
26.000000,40.974378
15.000000,32.284046
9.000000,26.358561
14.000000,23.922444
16.000000,25.355389
21.000000,26.694211
31.000000,29.901955
31.000000,36.694963
41.000000,34.938142
54.000000,43.666270
63.000000,53.401919
66.000000,60.444199
83.000000,62.034709
103.000000,77.504998
100.000000,96.201034
75.000000,94.457423
60.000000,72.667424
53.000000,58.937998
64.000000,52.813376
75.000000,62.137480
74.000000,70.927146
67.000000,68.872489
76.000000,62.058686
81.000000,70.606464
75.000000,75.900334
70.000000,70.521310
64.000000,63.640676
63.000000,58.411151
66.000000,57.131671
62.000000,60.361332
60.000000,56.713879
57.000000,55.588603
65.000000,53.765267
83.000000,60.815097
64.000000,77.898251
51.000000,60.461099
41.000000,48.187383
44.000000,40.386092
80.000000,42.862735
89.000000,71.753134
72.000000,79.618991
63.000000,66.220345
51.000000,60.075219
63.000000,50.564452
65.000000,59.641922
61.000000,61.514716
57.000000,56.849109
57.000000,53.225392
67.000000,54.386365
71.000000,63.976715
64.000000,67.188851
63.000000,61.127678
64.000000,60.587810
69.000000,62.641792
66.000000,67.662740
64.000000,66.270854
64.000000,65.800079
78.000000,67.116770
86.000000,82.195276
44.000000,91.972170
18.000000,49.645703
24.000000,25.792232
28.000000,30.040792
15.000000,32.942074
24.000000,22.205583
25.000000,28.707958
9.000000,29.264363
25.000000,17.449018
18.000000,29.348264
18.000000,22.660506
27.000000,22.331337
22.000000,29.104264
17.000000,25.654556
25.000000,21.033077
33.000000,26.710033
27.000000,32.565309
25.000000,28.187273
19.000000,27.442929
25.000000,22.236763
28.000000,26.428905
31.000000,28.335030
22.000000,30.510738
19.000000,23.321582
18.000000,21.660736
27.000000,21.860292
21.000000,28.564092
24.000000,24.816104
18.000000,25.870273
18.000000,21.066094
13.000000,21.541996
23.000000,18.313205
21.000000,25.377637
20.000000,23.950012
16.000000,22.398679
23.000000,19.963092
20.000000,25.784154
20.000000,23.720883
12.000000,23.619670
11.000000,17.873167
9.000000,16.947142
13.000000,16.138961
9.000000,19.067487
9.000000,16.706930
21.000000,16.964066
9.000000,25.310424
8.000000,16.928903
15.000000,15.679016
12.000000,19.505619
17.000000,17.182430
12.000000,20.255675
13.000000,17.514865
15.000000,18.274745
15.000000,18.908338
8.000000,19.453661
11.000000,15.477468
13.000000,17.559766
14.000000,18.848627
6.000000,18.998431
13.000000,14.054757
4.000000,18.344990
7.000000,13.177864
12.000000,15.574701
7.000000,18.497581
12.000000,14.522296
13.000000,17.505137
18.000000,18.322616
17.000000,21.604010
17.000000,20.211207
15.000000,20.454493
16.000000,19.044832
21.000000,20.213289
39.000000,23.787070
31.000000,35.418124
20.000000,29.324240
22.000000,22.201471
23.000000,23.641720
108.000000,23.936702
374.000000,98.543856
501.000000,355.715523
346.000000,502.662139
249.000000,338.852539
223.000000,215.172216
221.000000,185.046848
207.000000,182.163550
176.000000,170.552503
155.000000,141.618391
143.000000,132.080668
131.000000,103.239647
111.000000,75.241316
98.000000,86.569032
91.000000,79.680507
83.000000,74.150905
86.000000,69.950244
84.000000,72.259415
90.000000,69.664548
87.000000,77.690519
89.000000,64.141534
83.000000,51.242175
81.000000,63.146632
78.000000,66.509259
74.000000,65.496374
75.000000,62.017925
69.000000,63.809484
70.000000,58.013793
64.000000,62.340330
66.000000,49.872194
62.000000,41.861591
70.000000,50.718582
59.000000,61.042807
66.000000,52.601017
73.000000,57.017048
68.000000,63.161123
67.000000,59.877224
62.000000,62.975781
60.000000,57.379297
72.000000,49.050355
94.000000,67.315876
111.000000,93.710329
127.000000,108.538015
111.000000,122.918714
101.000000,106.277856
76.000000,95.461287
79.000000,79.207145
88.000000,88.645993
98.000000,87.408944
107.000000,110.293105
98.666667,118.759933
90.333333,109.015939
82.000000,101.321635
86.000000,90.743710
77.000000,92.240951
83.000000,72.924760
78.000000,44.012195
75.000000,27.384861
67.000000,43.372367
70.000000,48.871062
73.000000,52.874514
68.000000,54.782636
75.000000,52.633480
76.000000,59.998249
84.000000,61.847862
80.000000,49.177192
98.000000,35.164034
100.000000,62.885188
103.000000,77.010881
105.000000,82.320468
117.000000,85.263779
112.000000,96.696223
125.000000,94.547825
130.000000,105.531540
130.000000,78.362976
127.000000,56.415207
126.000000,85.996745
111.000000,105.569095
111.000000,96.209467
107.000000,98.192608
102.000000,96.278508
99.000000,93.999801
107.000000,95.895894
127.000000,93.177387
119.000000,86.935680
108.000000,112.228197
97.000000,114.640476
84.000000,106.532912
80.000000,93.259983
72.000000,86.614736
59.000000,78.708559
39.000000,65.740892
39.000000,44.124827
39.000000,36.095534
40.000000,45.707747
38.000000,47.898732
51.000000,44.693787
44.000000,52.291239
44.000000,47.645750
45.000000,48.286644
51.000000,49.680989
39.000000,54.056523
38.000000,43.520554
36.000000,41.892855
40.000000,39.305895
38.000000,42.237163
42.000000,41.374123
39.000000,44.756043
36.000000,41.852910
49.000000,39.813607
62.000000,50.590746
51.000000,61.623748
39.000000,52.794083
55.000000,43.235488
41.000000,56.144391
33.000000,44.596538
35.000000,38.680281
35.000000,39.145911
41.000000,38.847491
38.000000,44.069625
39.000000,42.442844
39.000000,42.035135
63.000000,41.973446
67.000000,62.130422
66.000000,64.948419
58.000000,61.772457
57.000000,54.540949
52.000000,51.230107
47.000000,47.554600
44.000000,44.843470
45.000000,42.638050
39.000000,43.122892
43.000000,40.642295
49.000000,43.089583
55.000000,46.518867
53.000000,50.540284
56.000000,47.657487
55.000000,48.667585
63.000000,46.103983
62.000000,51.610581
61.000000,51.187132
66.000000,52.485167
66.000000,57.891433
62.000000,57.590295
63.000000,55.663350
48.000000,56.787238
45.000000,47.851622
47.000000,44.677825
50.000000,46.598836
50.000000,48.212608
51.000000,49.883544
53.000000,50.006345
53.000000,52.252587
55.000000,52.069711
52.000000,53.696905
49.000000,51.486244
48.000000,49.922657
50.000000,49.023928
54.000000,50.112571
52.000000,54.732905
49.000000,52.731991
48.000000,49.713757
45.000000,48.760962
40.000000,46.412541
38.000000,41.648102
41.000000,39.450889
37.000000,42.080720
39.000000,39.397326
33.000000,41.093521
30.000000,36.971025
20.000000,34.598629
26.000000,26.179092
20.000000,30.359649
19.000000,25.104163
19.000000,24.380118
18.000000,24.176972
25.000000,23.083734
27.000000,27.710320
25.000000,29.040172
23.000000,27.307133
24.000000,25.623818
17.000000,26.446570
23.000000,21.248169
25.000000,25.658046
23.000000,27.265533
30.000000,25.325766
22.000000,31.582234
6.000000,25.329082
6.000000,13.332470
10.000000,12.992614
13.000000,15.841678
11.000000,17.947857
11.000000,16.682780
17.000000,16.471436
28.500000,20.429425
40.000000,30.076637
39.000000,38.456032
26.000000,36.041204
33.000000,26.404108
39.000000,31.932141
24.000000,37.488089
33.000000,25.923314
32.000000,32.702661
18.000000,32.215641
20.000000,22.774902
24.000000,24.422752
30.000000,26.585712
29.000000,30.386879
36.000000,30.241937
40.000000,36.815934
45.000000,39.050219
40.000000,43.864131
33.000000,39.886685
28.000000,33.159580
21.000000,29.674327
18.000000,24.642807
17.000000,22.429225
23.000000,22.061090
15.000000,27.008519
20.000000,20.734254
24.000000,24.871234
23.000000,27.818649
22.000000,26.276305
25.000000,25.388854
17.000000,27.152560
17.000000,21.582941
14.000000,21.543265
28.000000,19.543131
23.000000,29.347305
20.000000,26.081134
21.000000,24.072220
20.000000,24.863159
22.000000,23.649140
19.000000,24.539432
26.000000,21.845278
28.000000,26.955902
25.000000,28.278225
30.000000,26.299740
42.000000,29.989430
38.000000,40.030200
40.000000,37.654178
37.000000,39.334689
35.000000,36.472492
41.000000,33.547381
44.000000,39.399114
43.000000,41.626015
44.000000,40.905593
39.000000,42.421080
42.000000,38.642316
39.000000,41.750552
39.000000,38.952866
40.000000,37.650179
42.000000,37.368993
49.000000,40.915211
55.000000,47.461314
57.000000,52.178296
71.000000,55.664206
68.000000,72.656839
58.000000,70.605526
54.000000,59.051164
51.000000,52.153419
53.000000,47.788004
73.000000,51.469701
83.000000,73.499578
64.000000,85.250567
76.000000,64.644503
71.000000,75.819491
62.000000,72.995747
64.000000,62.078134
62.000000,61.121493
64.000000,57.828726
63.000000,60.832844
64.000000,59.683880
56.000000,60.359532
57.000000,54.037372
60.000000,54.998693
56.000000,58.987357
65.000000,56.010456
72.000000,63.719106
70.000000,68.765951
59.000000,68.222407
67.000000,57.330607
75.000000,62.438561
85.000000,72.597284
82.000000,81.300681
73.000000,78.070349
65.000000,71.306087
70.000000,63.903940
73.000000,68.206370
89.000000,71.765549
108.000000,86.360488
116.000000,103.779544
124.000000,115.950612
119.000000,119.976343
115.000000,114.539194
102.000000,111.885376
96.000000,98.790869
96.000000,91.725423
93.000000,91.580845
83.000000,88.890431
95.000000,79.872437
108.000000,91.476695
112.000000,107.583655
107.000000,110.246817
92.000000,103.170577
79.000000,88.313643
71.000000,74.413742
65.000000,67.342894
68.000000,62.720245
68.000000,66.001806
73.000000,64.856192
83.000000,70.188827
72.000000,79.322837
71.000000,68.642517
84.000000,68.194015
96.000000,79.551545
86.000000,91.307689
90.000000,78.695251
85.000000,82.035568
75.000000,79.385652
69.000000,70.964954
71.000000,66.587363
68.000000,67.632622
68.000000,64.741716
64.000000,65.803898
63.000000,62.979627
63.000000,61.469464
73.000000,62.547992
78.000000,73.795530
57.000000,79.623157
43.000000,59.081700
41.000000,45.638497
50.000000,42.423820
41.000000,49.945016
43.000000,42.725163
36.000000,45.895057
33.000000,40.572379
34.000000,38.273004
39.000000,39.849328
31.000000,43.188763
29.000000,35.003962
31.000000,32.872750
29.000000,34.506054
36.000000,32.459289
35.000000,37.895037
34.000000,36.182032
39.000000,34.971000
34.000000,39.742504
35.000000,35.964349
30.000000,35.315459
32.000000,31.436163
23.000000,33.204413
27.000000,26.145293
28.000000,29.567298
33.000000,31.009666
33.000000,33.714590
27.000000,33.890669
26.000000,29.439965
33.000000,27.941433
33.000000,33.143050
44.000000,34.529531
72.000000,43.018063
63.000000,65.770104
64.000000,58.382853
65.000000,59.342510
59.000000,59.597049
61.000000,52.563661
54.000000,53.764694
61.000000,48.952073
